Date	heure	t	Tu	I	G	tm	tau	ta	p	Vc	Ac	Tc	Tcf	Dich	e	T	Précision	Tf	Ach	Vm	Am	BITE
18/07/2011	18:06	0	80	0,275	0,4	15	20	2	30	4	2	22,735771	23,499294	8,25	91,557742	22,752311		-68,058448	1	0,033081	-45,438461	0
18/07/2011	18:07	0,5	80	0,275	0,4	15	20	2	30	4	2	22,926652	23,690175	5,09499	1,543936	22,692321	-1,03	22,146238	1	-0,11998	-0,153061	0
18/07/2011	18:07	1	80	0,275	0,4	15	20	2	30	4	2	23,117532	23,881055	3,392365	1,027989	22,683519	-1,91	22,853066	1	-0,017603	0,102377	0
18/07/2011	18:08	1,5	80	0,275	0,4	15	20	2	30	4	2	23,308413	24,071936	2,465806	0,747214	22,750852	-2,45	23,324722	1	0,134666	0,152269	0
18/07/2011	18:08	2	80	0,275	0,4	15	20	2	30	4	2	23,499294	24,262817	6,055428	1,834978	22,744888	-3,32	22,427839	1	-0,011929	-0,146595	0
18/07/2011	18:09	2,5	80	0,275	0,4	15	20	2	30	4	2	23,690175	24,453698	3,99271	1,209912	22,79767	-3,91	23,243786	1	0,105564	0,117494	0
18/07/2011	18:09	3	80	0,275	0,4	15	20	2	30	4	2	23,881055	24,644578	4,876961	1,477867	22,862133	-4,46	23,166711	1	0,128927	0,023362	0
18/07/2011	18:10	3,5	80	0,275	0,4	15	20	2	30	4	2	24,071936	24,835459	4,678859	1,417836	22,952505	-4,88	23,417623	1	0,180743	0,051816	0
18/07/2011	18:10	4	80	0,275	0,4	15	20	2	30	4	2	24,262817	25,02634	0,777925	0,235735	23,196903	-4,60	24,790605	1	0,488797	0,308054	0
18/07/2011	18:11	4,5	80	0,275	0,4	15	20	2	30	4	2	24,453698	25,217221	0,667023	0,202128	23,507546	-4,02	25,015093	1	0,621285	0,132488	0
18/07/2011	18:11	5	80	0,275	0,4	15	20	2	30	4	2	24,644578	25,408102	2,140695	0,648696	23,784705	-3,62	24,759406	1	0,554318	-0,066967	0
18/07/2011	18:12	5,5	80	0,275	0,4	15	20	2	30	4	2	24,835459	25,598982	0	-0,333166	24,146491	-2,85	25,932148	0	0,723573	0,169255	0
18/07/2011	18:12	6	80	0,275	0,4	15	20	2	30	4	2	25,02634	25,789863	0	-0,37689	24,531759	-2,02	26,166753	0	0,770535	0,046962	0
18/07/2011	18:13	6,5	80	0,275	0,4	15	20	2	30	4	2	25,217221	25,980744	0	-0,967695	24,971509	-0,98	26,948438	0	0,8795	0,108965	0
18/07/2011	18:13	7	80	0,275	0,4	15	20	2	30	4	2	25,408102	26,171625	0	-0,111894	25,312732	-0,38	26,283519	0	0,682447	-0,197053	0
18/07/2011	18:14	7,5	80	0,275	0,4	15	20	2	30	4	2	25,598982	26,362505	0	-1,040137	25,696599	0,38	27,402643	0	0,767734	0,085288	0
18/07/2011	18:14	8	80	0,275	0,4	15	20	2	30	4	2	25,789863	26,553386	0	-0,174163	25,981757	0,74	26,727549	0	0,570315	-0,197419	0
18/07/2011	18:15	8,5	80	0,275	0,4	15	20	2	30	4	2	25,980744	26,744267	0	-1,634282	26,374804	1,49	28,378548	0	0,786094	0,215779	0
18/07/2011	18:15	9	80	0,275	0,4	15	20	2	30	4	2	26,171625	26,935148	0	-0,597307	26,678119	1,90	27,532454	0	0,606631	-0,179463	0
18/07/2011	18:16	9,5	80	0,275	0,4	15	20	2	30	4	2	26,362505	27,126028	0	-2,248401	27,112516	2,77	29,374429	0	0,868794	0,262163	0
18/07/2011	18:16	10	80	0,275	0,4	15	20	2	30	4	2	26,553386	27,316909	0	-0,859106	27,423748	3,17	28,176016	0	0,622464	-0,24633	0
18/07/2011	18:17	10,5	80	0,275	0,4	15	20	2	30	4	2	26,744267	27,50779	0	-0,706941	27,64996	3,28	28,214731	0	0,452425	-0,170039	0
18/07/2011	18:17	11	80	0,275	0,4	15	20	2	30	4	2	26,935148	27,698671	0	-1,328406	27,903512	3,47	29,027076	0	0,507103	0,054679	0
18/07/2011	18:18	11,5	80	0,275	0,4	15	20	2	30	4	2	27,126028	27,889551	0	-0,164603	28,032939	3,24	28,054154	0	0,258855	-0,248248	0
18/07/2011	18:18	12	80	0,275	0,4	15	20	2	30	4	2	27,316909	28,080432	0	-1,878742	28,304489	3,49	29,959174	0	0,543099	0,284244	0
18/07/2011	18:19	12,5	80	0,275	0,4	15	20	2	30	4	2	27,50779	28,271313	0	-0,34529	28,459857	3,35	28,616603	0	0,310736	-0,232363	0
18/07/2011	18:19	13	80	0,275	0,4	15	20	2	30	4	2	27,698671	28,462194	0	-0,780566	28,615899	3,21	29,242759	0	0,312083	0,001347	0
18/07/2011	18:20	13,5	80	0,275	0,4	15	20	2	30	4	2	27,889551	28,653074	0	-1,177677	28,820234	3,23	29,830752	0	0,408671	0,096588	0
18/07/2011	18:20	14	80	0,275	0,4	15	20	2	30	4	2	28,080432	28,843955	0	-0,93879	29,017995	3,23	29,782745	0	0,395523	-0,013148	0
18/07/2011	18:21	14,5	80	0,275	0,4	15	20	2	30	4	2	28,271313	29,034836	1,313192	0,397937	29,063545	2,73	28,636899	1	0,0911	-0,304423	0
18/07/2011	18:21	15	80	0,275	0,4	15	20	2	30	4	2	28,462194	33,366664	16,5	2,783992	29,252582	2,70	30,582672	1	0,378073	0,286973	0
18/07/2011	18:22	15,5	80	0,275	0,4	15	20	2	30	4	2	29,734667	34,518046	16,5	5,317621	29,330803	-1,38	29,200425	1	0,156442	-0,221631	0
18/07/2011	18:22	16	80	0,275	0,4	15	20	2	30	4	2	30,975722	35,640999	16,5	5,944644	29,406184	-5,34	29,696355	1	0,150764	-0,005678	0
18/07/2011	18:23	16,5	80	0,275	0,4	15	20	2	30	4	2	32,186136	36,736227	16,5	4,380493	29,767415	-8,13	32,355733	1	0,722461	0,571698	0
18/07/2011	18:23	17	80	0,275	0,4	15	20	2	30	4	2	33,366664	37,804413	16,5	5,331335	30,228591	-10,38	32,473078	1	0,922352	0,199891	0
18/07/2011	18:24	17,5	80	0,275	0,4	15	20	2	30	4	2	34,518046	38,846226	16,5	3,118746	31,044546	-11,19	35,72748	1	1,63191	0,709557	0
18/07/2011	18:24	18	80	0,275	0,4	15	20	2	30	4	2	35,640999	39,862316	9,113138	1,380779	32,233525	-10,57	38,481538	1	2,377958	0,746048	0
18/07/2011	18:25	18,5	80	0,275	0,4	15	20	2	30	4	2	36,736227	40,853319	0	-0,229055	33,745166	-8,86	41,082374	0	3,023281	0,645323	0
18/07/2011	18:25	19	80	0,275	0,4	15	20	2	30	4	2	37,804413	41,819854	0	-3,014107	35,649094	-6,05	44,833962	0	3,807857	0,784576	0
18/07/2011	18:26	19,5	80	0,275	0,4	15	20	2	30	4	2	38,846226	42,762525	0	-4,397258	37,77425	-2,84	47,159783	0	4,250312	0,442455	0
18/07/2011	18:26	20	80	0,275	0,4	15	20	2	30	4	2	39,862316	43,681922	0	-5,695859	40,008045	0,36	49,377781	0	4,46759	0,217278	0
18/07/2011	18:27	20,5	80	0,275	0,4	15	20	2	30	4	2	40,853319	44,578618	0	-4,879694	42,050873	2,85	49,458312	0	4,085655	-0,381935	0
18/07/2011	18:27	21	80	0,275	0,4	15	20	2	30	4	2	41,819854	45,453175	0	-4,684743	43,857357	4,65	50,137919	0	3,612968	-0,472687	0
18/07/2011	18:28	21,5	80	0,275	0,4	15	20	2	30	4	2	42,762525	46,306139	0	-6,337651	45,636509	6,30	52,643791	0	3,558304	-0,054663	0
18/07/2011	18:28	22	80	0,275	0,4	15	20	2	30	4	2	43,681922	47,138044	0	-4,249975	47,0663	7,19	51,388019	0	2,859582	-0,698722	0
18/07/2011	18:29	22,5	80	0,275	0,4	15	20	2	30	4	2	44,578618	47,949408	0	-3,809998	48,223219	7,56	51,759407	0	2,313838	-0,545744	0
18/07/2011	18:29	23	80	0,275	0,4	15	20	2	30	4	2	45,453175	48,74074	0	-2,275116	49,047698	7,33	51,015856	0	1,648959	-0,664879	0
18/07/2011	18:30	23,5	80	0,275	0,4	15	20	2	30	4	2	46,306139	49,512534	0	-3,618781	49,867869	7,14	53,131315	0	1,640341	-0,008618	0
18/07/2011	18:30	24	80	0,275	0,4	15	20	2	30	4	2	47,138044	50,265272	0	-1,992264	50,497907	6,65	52,257536	0	1,260078	-0,380263	0
18/07/2011	18:31	24,5	80	0,275	0,4	15	20	2	30	4	2	47,949408	50,999425	0	-2,462617	51,107273	6,18	53,462042	0	1,218731	-0,041347	0
18/07/2011	18:31	25	80	0,275	0,4	15	20	2	30	4	2	48,74074	51,715452	0	-0,64309	51,517132	5,39	52,358542	0	0,819718	-0,399013	0
18/07/2011	18:32	25,5	80	0,275	0,4	15	20	2	30	4	2	49,512534	52,4138	0	-0,926941	51,901915	4,60	53,340741	0	0,769566	-0,050153	0
18/07/2011	18:32	26	80	0,275	0,4	15	20	2	30	4	2	50,265272	53,094906	3,857795	1,169029	52,075592	3,48	51,925877	1	0,347354	-0,422212	0
18/07/2011	18:33	26,5	80	0,275	0,4	15	20	2	30	4	2	50,999425	53,759195	0	-0,18977	52,360934	2,60	53,948965	0	0,570685	0,223331	0
18/07/2011	18:33	27	80	0,275	0,4	15	20	2	30	4	2	51,715452	54,407083	0	-0,062729	52,722073	1,91	54,469812	0	0,722277	0,151592	0
18/07/2011	18:34	27,5	80	0,275	0,4	15	20	2	30	4	2	52,4138	55,038974	6,684827	2,025705	52,914934	0,95	53,013269	1	0,385722	-0,336555	0
18/07/2011	18:34	28	80	0,275	0,4	15	20	2	30	4	2	53,094906	55,655264	5,405119	1,637915	53,123141	0,05	54,017349	1	0,416413	0,030691	0
18/07/2011	18:35	28,5	80	0,275	0,4	15	20	2	30	4	2	53,759195	56,256338	8,25	2,795667	53,25318	-0,95	53,460671	1	0,260079	-0,156334	0
18/07/2011	18:35	29	80	0,275	0,4	15	20	2	30	4	2	54,407083	56,842571	4,504047	1,364863	53,558145	-1,59	55,477708	1	0,60993	0,349851	0
18/07/2011	18:36	29,5	80	0,275	0,4	15	20	2	30	4	2	55,038974	57,41433	7,211568	2,185324	53,879337	-2,15	55,229006	1	0,642383	0,032452	0
18/07/2011	18:36	30	80	0,275	0,4	15	20	2	30	4	2	55,655264	57,971972	0	-1,246826	54,615362	-1,90	59,218798	0	1,47205	0,829668	0
18/07/2011	18:37	30,5	80	0,275	0,4	15	20	2	30	4	2	56,256338	58,515846	1,473978	0,44666	55,326242	-1,68	58,069186	1	1,421761	-0,050289	0
18/07/2011	18:37	31	80	0,275	0,4	15	20	2	30	4	2	56,842571	59,046292	0	-0,857844	56,150844	-1,23	59,904135	0	1,649203	0,227442	0
18/07/2011	18:38	31,5	80	0,275	0,4	15	20	2	30	4	2	57,41433	59,563641	1,944144	0,589135	56,831074	-1,03	58,974506	1	1,36046	-0,288744	0
18/07/2011	18:38	32	80	0,275	0,4	15	20	2	30	4	2	57,971972	60,068216	0	-0,433214	57,541216	-0,75	60,50143	0	1,420284	0,059824	0
18/07/2011	18:39	32,5	80	0,275	0,4	15	20	2	30	4	2	58,515846	60,560334	0	-0,028679	58,195478	-0,55	60,589013	0	1,308525	-0,111758	0
18/07/2011	18:39	33	80	0,275	0,4	15	20	2	30	4	2	59,046292	61,040301	0	-0,14808	58,818806	-0,39	61,188381	0	1,246656	-0,061869	0
18/07/2011	18:40	33,5	80	0,275	0,4	15	20	2	30	4	2	59,563641	61,508417	0	-0,23795	59,421126	-0,24	61,746367	0	1,204638	-0,042018	0
18/07/2011	18:40	34	80	0,275	0,4	15	20	2	30	4	2	60,068216	61,964976	5,399174	1,636113	59,789683	-0,47	60,328863	1	0,737114	-0,467524	0
18/07/2011	18:41	34,5	80	0,275	0,4	15	20	2	30	4	2	60,560334	62,410262	5,109097	1,548211	60,072638	-0,81	60,862051	1	0,56591	-0,171204	0
18/07/2011	18:41	35	80	0,275	0,4	15	20	2	30	4	2	61,040301	62,844555	8,25	3,464157	60,12148	-1,53	59,380398	1	0,097685	-0,468226	0
18/07/2011	18:42	35,5	80	0,275	0,4	15	20	2	30	4	2	61,508417	63,268124	0,963029	0,291827	60,46039	-1,73	62,976297	1	0,677819	0,580134	0
18/07/2011	18:42	36	80	0,275	0,4	15	20	2	30	4	2	61,964976	63,681236	6,477246	1,962802	60,750799	-2,00	61,718434	1	0,580818	-0,097001	0
18/07/2011	18:43	36,5	80	0,275	0,4	15	20	2	30	4	2	62,410262	64,084147	0	-0,155445	61,267513	-1,87	64,239593	0	1,033429	0,452611	0
18/07/2011	18:43	37	80	0,275	0,4	15	20	2	30	4	2	62,844555	64,477111	3,541431	1,073161	61,734546	-1,80	63,40395	1	0,934065	-0,099363	0
18/07/2011	18:44	37,5	80	0,275	0,4	15	20	2	30	4	2	63,268124	64,860373	0	-1,447244	62,450235	-1,31	66,307617	0	1,431378	0,497313	0
18/07/2011	18:44	38	80	0,275	0,4	15	20	2	30	4	2	63,681236	65,234171	0	-0,107032	63,089538	-0,94	65,341203	0	1,278605	-0,152773	0
18/07/2011	18:45	38,5	80	0,275	0,4	15	20	2	30	4	2	64,084147	65,598741	0	-0,717636	63,73221	-0,55	66,316377	0	1,285344	0,006739	0
18/07/2011	18:45	39	80	0,275	0,4	15	20	2	30	4	2	64,477111	65,954309	0,221171	0,067021	64,257295	-0,34	65,887288	1	1,05017	-0,235174	0
18/07/2011	18:46	39,5	80	0,275	0,4	15	20	2	30	4	2	64,860373	66,301099	1,925301	0,583424	64,652931	-0,32	65,717674	1	0,791271	-0,258899	0
18/07/2011	18:46	40	80	0,275	0,4	15	20	2	30	4	2	65,234171	66,639326	2,404877	0,728751	64,968507	-0,41	65,910575	1	0,631153	-0,160118	0
18/07/2011	18:47	40,5	80	0,275	0,4	15	20	2	30	4	2	65,598741	66,969202	0	-0,22908	65,356516	-0,37	67,198282	0	0,776018	0,144865	0
18/07/2011	18:47	41	80	0,275	0,4	15	20	2	30	4	2	65,954309	67,290933	0	-0,397098	65,788022	-0,25	67,688032	0	0,863011	0,086994	0
18/07/2011	18:48	41,5	80	0,275	0,4	15	20	2	30	4	2	66,301099	67,604721	5,94657	1,801991	65,981436	-0,48	65,802731	1	0,386829	-0,476182	0
18/07/2011	18:48	42	80	0,275	0,4	15	20	2	30	4	2	66,639326	67,910762	5,554121	1,683067	66,09476	-0,82	66,227695	1	0,226648	-0,160181	0
18/07/2011	18:49	42,5	80	0,275	0,4	15	20	2	30	4	2	66,969202	68,209246	0	-0,56925	66,44332	-0,79	68,778496	0	0,697118	0,47047	0
18/07/2011	18:49	43	80	0,275	0,4	15	20	2	30	4	2	67,290933	68,500361	5,455946	1,653317	66,643093	-0,97	66,847044	1	0,399547	-0,297571	0
18/07/2011	18:50	43,5	80	0,275	0,4	15	20	2	30	4	2	67,604721	68,784288	2,224661	0,67414	66,894887	-1,06	68,110148	1	0,503589	0,104042	0
18/07/2011	18:50	44	80	0,275	0,4	15	20	2	30	4	2	67,910762	69,061205	0	-1,038462	67,362883	-0,81	70,099667	0	0,93599	0,432402	0
18/07/2011	18:51	44,5	80	0,275	0,4	15	20	2	30	4	2	68,209246	69,331285	1,323769	0,401142	67,74502	-0,69	68,930143	1	0,764276	-0,171715	0
18/07/2011	18:51	45	80	0,275	0,4	15	20	2	30	4	2	68,500361	69,594696	0	-0,27092	68,150481	-0,51	69,865617	0	0,810922	0,046646	0
18/07/2011	18:52	45,5	80	0,275	0,4	15	20	2	30	4	2	68,784288	69,851604	3,732481	1,131055	68,394027	-0,57	68,720549	1	0,487091	-0,32383	0
18/07/2011	18:52	46	80	0,275	0,4	15	20	2	30	4	2	69,061205	70,102169	0	-2,517498	68,971785	-0,13	72,619667	0	1,155516	0,668425	0
18/07/2011	18:53	46,5	80	0,275	0,4	15	20	2	30	4	2	69,331285	70,346547	3,689818	1,118127	69,257082	-0,11	69,228421	1	0,570593	-0,584923	0
18/07/2011	18:53	47	80	0,275	0,4	15	20	2	30	4	2	69,594696	70,584892	0	-0,873075	69,628423	0,05	71,457966	0	0,742682	0,172089	0
18/07/2011	18:54	47,5	80	0,275	0,4	15	20	2	30	4	2	69,851604	70,817352	3,062554	0,928047	69,82245	-0,04	69,889305	1	0,388055	-0,354627	0
18/07/2011	18:54	48	80	0,275	0,4	15	20	2	30	4	2	70,102169	71,044072	0	-1,766189	70,240664	0,20	72,810261	0	0,836427	0,448372	0
18/07/2011	18:55	48,5	80	0,275	0,4	15	20	2	30	4	2	70,346547	71,265195	0	-0,069461	70,548091	0,29	71,334656	0	0,614855	-0,221572	0
18/07/2011	18:55	49	80	0,275	0,4	15	20	2	30	4	2	70,584892	71,480858	2,258333	0,684343	70,712328	0,18	70,796515	1	0,328474	-0,286381	0
18/07/2011	18:56	49,5	80	0,275	0,4	15	20	2	30	4	2	70,817352	71,691196	5,411008	1,639699	70,711897	-0,15	70,051497	1	-0,000863	-0,329337	0
18/07/2011	18:56	50	80	0,275	0,4	15	20	2	30	4	2	71,044072	71,896341	0,315173	0,095507	70,832698	-0,30	71,800834	1	0,241603	0,242466	0
18/07/2011	18:57	50,5	80	0,275	0,4	15	20	2	30	4	2	71,265195	72,096421	0	-1,237917	71,164347	-0,14	73,334338	0	0,663299	0,421696	0
18/07/2011	18:57	51	80	0,275	0,4	15	20	2	30	4	2	71,480858	72,291561	0	-0,348082	71,475669	-0,01	72,639643	0	0,622643	-0,040656	0
18/07/2011	18:58	51,5	80	0,275	0,4	15	20	2	30	4	2	71,691196	72,481884	1,118384	0,338904	71,68818	0,00	72,142979	1	0,425021	-0,197622	0
18/07/2011	18:58	52	80	0,275	0,4	15	20	2	30	4	2	71,896341	72,667506	5,113143	1,549437	71,719283	-0,25	71,118069	1	0,062207	-0,362814	0
18/07/2011	18:59	52,5	80	0,275	0,4	15	20	2	30	4	2	72,096421	72,848546	0,341189	0,103391	71,847093	-0,35	72,745156	1	0,255619	0,193412	0
18/07/2011	18:59	53	80	0,275	0,4	15	20	2	30	4	2	72,291561	73,025116	0	-0,348145	72,073472	-0,30	73,373262	0	0,452757	0,197138	0
18/07/2011	19:00	53,5	80	0,275	0,4	15	20	2	30	4	2	72,481884	73,197327	0	-0,321229	72,334649	-0,20	73,518556	0	0,522355	0,069598	0
18/07/2011	19:00	54	80	0,275	0,4	15	20	2	30	4	2	72,667506	73,365285	7,670329	2,324342	72,306983	-0,50	71,040943	1	-0,055332	-0,577688	0
18/07/2011	19:01	54,5	80	0,275	0,4	15	20	2	30	4	2	72,848546	73,529097	0	-1,399106	72,585934	-0,36	74,928203	0	0,557901	0,613233	0
18/07/2011	19:01	55	80	0,275	0,4	15	20	2	30	4	2	73,025116	73,688864	3,642467	1,103778	72,709818	-0,43	72,585087	1	0,247768	-0,310133	0
18/07/2011	19:02	55,5	80	0,275	0,4	15	20	2	30	4	2	73,197327	73,844687	0	-3,153575	73,241371	0,06	76,998262	0	1,063107	0,815339	0
18/07/2011	19:02	56	80	0,275	0,4	15	20	2	30	4	2	73,365285	73,996662	6,270673	1,900204	73,350404	-0,02	72,096458	1	0,218067	-0,84504	0
18/07/2011	19:03	56,5	80	0,275	0,4	15	20	2	30	4	2	73,529097	74,144885	0	-0,988591	73,596983	0,09	75,133476	0	0,493157	0,27509	0
18/07/2011	19:03	57	80	0,275	0,4	15	20	2	30	4	2	73,688864	74,289448	0	-0,711712	73,862593	0,24	75,001161	0	0,53122	0,038064	0
18/07/2011	19:04	57,5	80	0,275	0,4	15	20	2	30	4	2	73,844687	74,430442	0	-1,195032	74,176517	0,45	75,625475	0	0,627849	0,096629	0
18/07/2011	19:04	58	80	0,275	0,4	15	20	2	30	4	2	73,996662	74,567955	0	-1,248062	74,498206	0,67	75,816017	0	0,643378	0,015528	0
18/07/2011	19:05	58,5	80	0,275	0,4	15	20	2	30	4	2	74,144885	74,702073	0	-2,027901	74,889153	0,99	76,729973	0	0,781894	0,138516	0
18/07/2011	19:05	59	80	0,275	0,4	15	20	2	30	4	2	74,289448	74,832879	5,356505	1,623183	74,876301	0,78	73,209696	1	-0,025704	-0,807598	0
18/07/2011	19:06	59,5	80	0,275	0,4	15	20	2	30	4	2	74,430442	74,960456	0	-2,566142	75,165066	0,98	77,526598	0	0,577531	0,603235	0
18/07/2011	19:06	60	80	0,275	0,4	15	20	2	30	4	2	74,567955	75,084883	2,777332	0,841616	75,190984	0,83	74,243267	1	0,051836	-0,525695	0
18/07/2011	19:07	60,5	80	0,275	0,4	15	20	2	30	4	2	74,702073	75,206237	0	-0,344172	75,242439	0,72	75,550409	0	0,10291	0,051074	0
18/07/2011	19:07	61	80	0,275	0,4	15	20	2	30	4	2	74,832879	75,324596	0	-0,851488	75,369047	0,71	76,176084	0	0,253215	0,150304	0
18/07/2011	19:08	61,5	80	0,275	0,4	15	20	2	30	4	2	74,960456	75,440032	0	-0,136767	75,4484	0,65	75,576798	0	0,158707	-0,094508	0
18/07/2011	19:08	62	80	0,275	0,4	15	20	2	30	4	2	75,084883	75,552618	0	-0,96632	75,602617	0,68	76,518938	0	0,308434	0,149727	0
18/07/2011	19:09	62,5	80	0,275	0,4	15	20	2	30	4	2	75,206237	75,662424	4,655787	1,410845	75,521043	0,42	74,25158	1	-0,163149	-0,471583	0
18/07/2011	19:09	63	80	0,275	0,4	15	20	2	30	4	2	75,324596	75,769519	0	-1,568518	75,686676	0,48	77,338037	0	0,331266	0,494415	0
18/07/2011	19:10	63,5	80	0,275	0,4	15	20	2	30	4	2	75,440032	75,87397	1,970266	0,59705	75,714762	0,36	75,27692	1	0,056173	-0,275093	0
18/07/2011	19:10	64	80	0,275	0,4	15	20	2	30	4	2	75,552618	75,975842	2,986716	0,905066	75,655691	0,14	75,070777	1	-0,118142	-0,174315	0
18/07/2011	19:11	64,5	80	0,275	0,4	15	20	2	30	4	2	75,662424	76,075199	0,611174	0,185204	75,655471	-0,01	75,889995	1	-0,00044	0,117702	0
18/07/2011	19:11	65	80	0,275	0,4	15	20	2	30	4	2	75,769519	76,172103	1,096914	0,332398	75,675843	-0,12	75,839705	1	0,040745	0,041185	0
18/07/2011	19:12	65,5	80	0,275	0,4	15	20	2	30	4	2	75,87397	76,266614	1,637409	0,496185	75,695407	-0,24	75,770429	1	0,039128	-0,001617	0
18/07/2011	19:12	66	80	0,275	0,4	15	20	2	30	4	2	75,975842	76,358791	0	-0,621144	75,846828	-0,17	76,979936	0	0,302841	0,263713	0
18/07/2011	19:13	66,5	80	0,275	0,4	15	20	2	30	4	2	76,075199	76,448693	0	-0,20631	76,003923	-0,09	76,655004	0	0,314191	0,01135	0
18/07/2011	19:13	67	80	0,275	0,4	15	20	2	30	4	2	76,172103	76,536375	8,25	2,887212	75,812103	-0,47	73,649163	1	-0,38364	-0,69783	0
18/07/2011	19:14	67,5	80	0,275	0,4	15	20	2	30	4	2	76,266614	76,621893	5,769609	1,748366	75,622564	-0,85	74,873526	1	-0,379079	0,00456	0
18/07/2011	19:14	68	80	0,275	0,4	15	20	2	30	4	2	76,358791	76,705298	0	-0,855097	75,753638	-0,80	77,560395	0	0,262149	0,641229	0
18/07/2011	19:15	68,5	80	0,275	0,4	15	20	2	30	4	2	76,448693	76,786645	0	-1,094803	76,048317	-0,53	77,881448	0	0,589357	0,327208	0
18/07/2011	19:15	69	80	0,275	0,4	15	20	2	30	4	2	76,536375	76,865983	2,936335	0,889799	76,171271	-0,48	75,976184	1	0,245907	-0,34345	0
18/07/2011	19:16	69,5	80	0,275	0,4	15	20	2	30	4	2	76,621893	76,943362	0	-0,316973	76,346924	-0,36	77,260335	0	0,351306	0,105399	0
18/07/2011	19:16	70	80	0,275	0,4	15	20	2	30	4	2	76,705298	77,018831	6,347063	1,923353	76,285942	-0,55	75,095478	1	-0,121963	-0,473269	0
18/07/2011	19:17	70,5	80	0,275	0,4	15	20	2	30	4	2	76,786645	77,092436	0	-1,088741	76,469421	-0,41	78,181177	0	0,366958	0,48892	0
18/07/2011	19:17	71	80	0,275	0,4	15	20	2	30	4	2	76,865983	77,164224	0	-1,901625	76,839459	-0,03	79,065849	0	0,740076	0,373119	0
18/07/2011	19:18	71,5	80	0,275	0,4	15	20	2	30	4	2	76,943362	77,23424	0	-1,644109	77,230464	0,37	78,878348	0	0,782009	0,041933	0
18/07/2011	19:18	72	80	0,275	0,4	15	20	2	30	4	2	77,018831	77,302526	0	-1,857195	77,618606	0,77	79,159722	0	0,776284	-0,005726	0
18/07/2011	19:19	72,5	80	0,275	0,4	15	20	2	30	4	2	77,092436	77,369127	0	-0,243505	77,790449	0,90	77,612632	0	0,343687	-0,432596	0
18/07/2011	19:19	73	80	0,275	0,4	15	20	2	30	4	2	77,164224	77,434084	0	-1,377113	77,980241	1,05	78,811197	0	0,379583	0,035895	0
18/07/2011	19:20	73,5	80	0,275	0,4	15	20	2	30	4	2	77,23424	77,497436	1,846638	1,119175	77,886595	0,84	76,378262	1	-0,187292	-0,566875	0
18/07/2011	19:20	74	80	0,275	0,4	15	20	2	30	4	2	77,302526	77,559225	0,383858	0,232641	77,782751	0,62	77,326584	1	-0,207688	-0,020396	0
18/07/2011	19:21	74,5	80	0,275	0,4	15	20	2	30	4	2	77,369127	77,619488	0	-0,944831	77,823439	0,58	78,564319	0	0,081376	0,289064	0
18/07/2011	19:21	75	80	0,275	0,4	15	20	2	30	4	2	77,434084	77,678263	2,179777	1,321077	77,678606	0,31	76,357186	1	-0,289667	-0,371043	0
18/07/2011	19:22	75,5	80	0,275	0,4	15	20	2	30	4	2	77,497436	77,735587	0	-0,305072	77,654463	0,20	78,040659	0	-0,048285	0,241382	0
18/07/2011	19:22	76	80	0,275	0,4	15	20	2	30	4	2	77,559225	77,791495	1,430731	0,86711	77,562614	0,00	76,924385	1	-0,183699	-0,135415	0
18/07/2011	19:23	76,5	80	0,275	0,4	15	20	2	30	4	2	77,619488	77,846024	2,397639	1,453114	77,391824	-0,29	76,392909	1	-0,341578	-0,157879	0
18/07/2011	19:23	77	80	0,275	0,4	15	20	2	30	4	2	77,678263	77,899205	0	-1,528065	77,542079	-0,18	79,427271	0	0,300509	0,642087	0
18/07/2011	19:24	77,5	80	0,275	0,4	15	20	2	30	4	2	77,735587	77,951074	2,801766	1,69804	77,465631	-0,35	76,253034	1	-0,152895	-0,453404	0
18/07/2011	19:24	78	80	0,275	0,4	15	20	2	30	4	2	77,791495	78,001662	0,279248	0,169241	77,472409	-0,41	77,832421	1	0,013556	0,166451	0
18/07/2011	19:25	78,5	80	0,275	0,4	15	20	2	30	4	2	77,846024	78,051002	4,125	2,759569	77,233091	-0,79	75,291432	1	-0,478637	-0,492192	0
18/07/2011	19:25	79	80	0,275	0,4	15	20	2	30	4	2	77,899205	78,099122	2,224939	1,348448	77,073125	-1,07	76,750675	1	-0,319931	0,158706	0
18/07/2011	19:26	79,5	80	0,275	0,4	15	20	2	30	4	2	77,951074	78,146055	0,120076	0,072773	77,113158	-1,09	78,073282	1	0,080066	0,399997	0
18/07/2011	19:26	80	80	0,275	0,4	15	20	2	30	4	2	78,001662	78,191829	1,38875	0,841667	77,157284	-1,09	77,350163	1	0,088252	0,008187	0
18/07/2011	19:27	80,5	80	0,275	0,4	15	20	2	30	4	2	78,051002	78,236473	0	-0,881865	77,394791	-0,85	79,118338	0	0,475013	0,386761	0
18/07/2011	19:27	81	80	0,275	0,4	15	20	2	30	4	2	78,099122	78,280015	4,125	4,404946	77,109269	-1,28	73,875069	1	-0,571043	-1,046057	0
18/07/2011	19:28	81,5	80	0,275	0,4	15	20	2	30	4	2	78,146055	78,322481	0	-0,52323	77,175308	-1,26	78,845711	0	0,132079	0,703122	0
18/07/2011	19:28	82	80	0,275	0,4	15	20	2	30	4	2	78,191829	78,3639	1,305	0,790909	77,248846	-1,22	77,57299	1	0,147076	0,014997	0
18/07/2011	19:29	82,5	80	0,275	0,4	15	20	2	30	4	2	78,236473	78,404295	0,558548	0,338514	77,3723	-1,12	78,065781	1	0,246908	0,099832	0
18/07/2011	19:29	83	80	0,275	0,4	15	20	2	30	4	2	78,280015	78,443693	2,024641	1,227055	77,409873	-1,12	77,216638	1	0,075145	-0,171763	0
18/07/2011	19:30	83,5	80	0,275	0,4	15	20	2	30	4	2	78,322481	78,482118	0	-1,005703	77,657455	-0,86	79,487822	0	0,495164	0,420019	0
18/07/2011	19:30	84	80	0,275	0,4	15	20	2	30	4	2	78,3639	78,519595	2,638557	1,599125	77,685604	-0,87	76,92047	1	0,056299	-0,438866	0
18/07/2011	19:31	84,5	80	0,275	0,4	15	20	2	30	4	2	78,404295	78,556146	0	-0,803981	77,884173	-0,67	79,360128	0	0,397138	0,340839	0
18/07/2011	19:31	85	80	0,275	0,4	15	20	2	30	4	2	78,443693	78,591795	1,182568	0,716708	77,971417	-0,61	77,875088	1	0,174487	-0,222651	0
18/07/2011	19:32	85,5	80	0,275	0,4	15	20	2	30	4	2	78,482118	78,626564	2,670029	1,618199	77,903186	-0,74	77,008365	1	-0,136462	-0,310949	0
18/07/2011	19:32	86	80	0,275	0,4	15	20	2	30	4	2	78,519595	78,660474	1,616509	0,979702	77,848148	-0,86	77,680772	1	-0,110075	0,026387	0
18/07/2011	19:33	86,5	80	0,275	0,4	15	20	2	30	4	2	78,556146	78,693547	1,034333	0,626868	77,847968	-0,91	78,066679	1	-0,00036	0,109715	0
18/07/2011	19:33	87	80	0,275	0,4	15	20	2	30	4	2	78,591795	78,725804	2,217072	1,34368	77,796128	-1,02	77,382124	1	-0,103681	-0,103321	0
18/07/2011	19:34	87,5	80	0,275	0,4	15	20	2	30	4	2	78,626564	78,757264	0,90237	0,546891	77,819115	-1,04	78,210373	1	0,045974	0,149655	0
18/07/2011	19:34	88	80	0,275	0,4	15	20	2	30	4	2	78,660474	78,787947	1,093772	0,662892	77,863325	-1,02	78,125055	1	0,08842	0,042446	0
18/07/2011	19:35	88,5	80	0,275	0,4	15	20	2	30	4	2	78,693547	78,817873	0	-0,324218	78,025058	-0,86	79,14209	0	0,323468	0,235048	0
18/07/2011	19:35	89	80	0,275	0,4	15	20	2	30	4	2	78,725804	78,847059	2,412384	1,462051	78,025823	-0,90	77,385008	1	0,00153	-0,321938	0
18/07/2011	19:36	89,5	80	0,275	0,4	15	20	2	30	4	2	78,757264	78,875526	1,37334	0,832327	78,028094	-0,93	78,043198	1	0,004541	0,003011	0
18/07/2011	19:36	90	80	0,275	0,4	15	20	2	30	4	2	78,787947	78,903289	0,992702	0,601637	78,059498	-0,93	78,301652	1	0,062809	0,058268	0
18/07/2011	19:37	90,5	80	0,275	0,4	15	20	2	30	4	2	78,817873	78,930367	2,253827	1,365956	78,018446	-1,02	77,564411	1	-0,082104	-0,144913	0
18/07/2011	19:37	91	80	0,275	0,4	15	20	2	30	4	2	78,847059	78,956776	1,127861	0,683552	78,02851	-1,05	78,273224	1	0,020126	0,102231	0
18/07/2011	19:38	91,5	80	0,275	0,4	15	20	2	30	4	2	78,875526	78,982534	0	-0,978361	78,247692	-0,80	79,960894	0	0,438364	0,418238	0
18/07/2011	19:38	92	80	0,275	0,4	15	20	2	30	4	2	78,903289	79,007655	1,906011	1,155158	78,301195	-0,77	77,852497	1	0,107007	-0,331357	0
18/07/2011	19:39	92,5	80	0,275	0,4	15	20	2	30	4	2	78,930367	79,032156	0	-0,776556	78,492477	-0,56	79,808712	0	0,382563	0,275555	0
18/07/2011	19:39	93	80	0,275	0,4	15	20	2	30	4	2	78,956776	79,056052	1,083739	0,656811	78,567131	-0,50	78,399241	1	0,149309	-0,233254	0
18/07/2011	19:40	93,5	80	0,275	0,4	15	20	2	30	4	2	78,982534	79,079358	2,610637	1,582204	78,481424	-0,64	77,497154	1	-0,171413	-0,320722	0
18/07/2011	19:40	94	80	0,275	0,4	15	20	2	30	4	2	79,007655	79,102089	1,7648	1,069576	78,393454	-0,78	78,032513	1	-0,175942	-0,004528	0
18/07/2011	19:41	94,5	80	0,275	0,4	15	20	2	30	4	2	79,032156	79,124259	2,69663	1,634321	78,253965	-0,99	77,489937	1	-0,278978	-0,103036	0
18/07/2011	19:41	95	80	0,275	0,4	15	20	2	30	4	2	79,056052	79,145881	0,340667	0,206465	78,268131	-1,01	78,939416	1	0,028332	0,30731	0
18/07/2011	19:42	95,5	80	0,275	0,4	15	20	2	30	4	2	79,079358	79,166969	0,101129	0,06129	78,367488	-0,91	79,105679	1	0,198714	0,170382	0
18/07/2011	19:42	96	80	0,275	0,4	15	20	2	30	4	2	79,102089	79,187537	0,498437	0,302083	78,469198	-0,81	78,885454	1	0,203421	0,004707	0
18/07/2011	19:43	96,5	80	0,275	0,4	15	20	2	30	4	2	79,124259	79,207596	1,93588	1,173261	78,466085	-0,84	78,034336	1	-0,006227	-0,209648	0
																	-0,96					
																	15,00					
																	0,08					
