Date	heure	t	Tu	I	G	tm	tau	ta	p	Vc	Ac	Tc	Tcf	Dich	e	T	Tf	Ach	Vm	Am	Vmoy	
15/11/2011	16:12	0,000000	80,000000	0,275000	0,400000	15,000000	20,000000	2,000000	30,000000	4,000000	2,000000	21,116741	21,901851	8,250000	87,016106	20,920738	-65,114255	1,000000	-0,392007	-42,625489	-0,392007
15/11/2011	16:12	0,500000	80,000000	0,275000	0,400000	15,000000	20,000000	2,000000	30,000000	4,000000	2,000000	21,313019	22,098129	0,104507	0,031669	20,960928	22,066460	1,000000	0,080380	0,472387	-0,155814
15/11/2011	16:13	1,000000	80,000000	0,275000	0,400000	15,000000	20,000000	2,000000	30,000000	4,000000	2,000000	21,509296	22,294406	6,200871	1,879052	20,918171	20,415355	1,000000	-0,085514	-0,165894	-0,132380
15/11/2011	16:14	1,500000	80,000000	0,275000	0,400000	15,000000	20,000000	2,000000	30,000000	4,000000	2,000000	21,705574	22,490684	5,153031	1,561525	20,900388	20,929159	1,000000	-0,035564	0,049950	-0,108176
15/11/2011	16:14	2,000000	80,000000	0,275000	0,400000	15,000000	20,000000	2,000000	30,000000	4,000000	2,000000	21,901851	22,686962	7,645110	2,316700	20,833582	20,370262	1,000000	-0,133612	-0,098048	-0,113264
15/11/2011	16:15	2,500000	80,000000	0,275000	0,400000	15,000000	20,000000	2,000000	30,000000	4,000000	2,000000	22,098129	22,883239	6,895198	2,089454	20,799469	20,793785	1,000000	-0,068227	0,065385	-0,105758
15/11/2011	16:15	3,000000	80,000000	0,275000	0,400000	15,000000	20,000000	2,000000	30,000000	4,000000	2,000000	22,294406	23,079517	7,473024	2,264553	20,786029	20,814964	1,000000	-0,026880	0,041347	-0,094489
15/11/2011	16:16	3,500000	80,000000	0,275000	0,400000	15,000000	20,000000	2,000000	30,000000	4,000000	2,000000	22,490684	23,275794	8,250000	2,665043	20,760580	20,610751	1,000000	-0,050897	-0,024017	-0,089040
15/11/2011	16:16	4,000000	80,000000	0,275000	0,400000	15,000000	20,000000	2,000000	30,000000	4,000000	2,000000	22,686962	23,472072	8,250000	3,004426	20,716721	20,467645	1,000000	-0,087718	-0,036820	-0,088893
15/11/2011	16:17	4,500000	80,000000	0,275000	0,400000	15,000000	20,000000	2,000000	30,000000	4,000000	2,000000	22,883239	23,668349	8,250000	2,883299	20,704821	20,785050	1,000000	-0,023801	0,063916	-0,082384
15/11/2011	16:17	5,000000	80,000000	0,275000	0,400000	15,000000	20,000000	2,000000	30,000000	4,000000	2,000000	23,079517	23,864627	8,250000	3,504656	20,661215	20,359971	1,000000	-0,087212	-0,063410	-0,082823
15/11/2011	16:18	5,500000	80,000000	0,275000	0,400000	15,000000	20,000000	2,000000	30,000000	4,000000	2,000000	23,275794	24,060904	8,250000	3,414347	20,640206	20,646557	1,000000	-0,042018	0,045194	-0,079423
15/11/2011	16:18	6,000000	80,000000	0,275000	0,400000	15,000000	20,000000	2,000000	30,000000	4,000000	2,000000	23,472072	24,257182	8,250000	4,012513	20,586920	20,244668	1,000000	-0,106572	-0,064554	-0,081511
15/11/2011	16:19	6,500000	80,000000	0,275000	0,400000	15,000000	20,000000	2,000000	30,000000	4,000000	2,000000	23,668349	24,453459	8,250000	3,010052	20,658403	21,443407	1,000000	0,142965	0,249537	-0,065477
15/11/2011	16:19	7,000000	80,000000	0,275000	0,400000	15,000000	20,000000	2,000000	30,000000	4,000000	2,000000	23,864627	24,649737	8,250000	4,197311	20,667286	20,452425	1,000000	0,017767	-0,125198	-0,059927
15/11/2011	16:20	7,500000	80,000000	0,275000	0,400000	15,000000	20,000000	2,000000	30,000000	4,000000	2,000000	24,060904	24,846014	8,250000	3,349635	20,763356	21,496379	1,000000	0,192140	0,174372	-0,044173
15/11/2011	16:20	8,000000	80,000000	0,275000	0,400000	15,000000	20,000000	2,000000	30,000000	4,000000	2,000000	24,257182	25,042292	8,250000	3,097845	20,937286	21,944446	1,000000	0,347860	0,155720	-0,021112
15/11/2011	16:21	8,500000	80,000000	0,275000	0,400000	15,000000	20,000000	2,000000	30,000000	4,000000	2,000000	24,453459	25,238569	8,250000	3,689584	21,082555	21,548985	1,000000	0,290538	-0,057322	-0,003799
15/11/2011	16:21	9,000000	80,000000	0,275000	0,400000	15,000000	20,000000	2,000000	30,000000	4,000000	2,000000	24,649737	25,434847	6,634786	2,010541	21,407313	23,424306	1,000000	0,649517	0,358979	0,030587
15/11/2011	16:22	9,500000	80,000000	0,275000	0,400000	15,000000	20,000000	2,000000	30,000000	4,000000	2,000000	24,846014	25,631124	5,600362	1,697079	21,832398	23,934045	1,000000	0,850170	0,200653	0,071566
15/11/2011	16:22	10,000000	80,000000	0,275000	0,400000	15,000000	20,000000	2,000000	30,000000	4,000000	2,000000	25,042292	25,827402	1,809153	0,548228	22,404300	25,279174	1,000000	1,143804	0,293633	0,122625
15/11/2011	16:23	10,500000	80,000000	0,275000	0,400000	15,000000	20,000000	2,000000	30,000000	4,000000	2,000000	25,238569	26,023679	1,800814	0,545701	22,999998	25,477978	1,000000	1,191397	0,047593	0,171205
15/11/2011	16:23	11,000000	80,000000	0,275000	0,400000	15,000000	20,000000	2,000000	30,000000	4,000000	2,000000	25,434847	26,219957	0,000000	-1,852230	23,828330	28,072187	0,000000	1,656663	0,465266	0,235790
15/11/2011	16:24	11,500000	80,000000	0,275000	0,400000	15,000000	20,000000	2,000000	30,000000	4,000000	2,000000	25,631124	26,416235	0,000000	-9,370131	25,525148	35,786365	0,000000	3,393636	1,736973	0,367367
15/11/2011	16:25	12,000000	80,000000	0,275000	0,400000	15,000000	20,000000	2,000000	30,000000	4,000000	2,000000	25,827402	26,612512	0,000000	-8,423204	27,336019	35,035716	0,000000	3,621742	0,228106	0,497542
15/11/2011	16:26	12,500000	80,000000	0,275000	0,400000	15,000000	20,000000	2,000000	30,000000	4,000000	2,000000	26,023679	26,808790	0,000000	-9,078879	29,091034	35,887669	0,000000	3,510030	-0,111712	0,613407
15/11/2011	16:27	13,000000	80,000000	0,275000	0,400000	15,000000	20,000000	2,000000	30,000000	4,000000	2,000000	26,219957	27,005067	0,000000	-9,270932	30,669370	36,275999	0,000000	3,156672	-0,353358	0,707602
15/11/2011	16:28	13,500000	80,000000	0,275000	0,400000	15,000000	20,000000	2,000000	30,000000	4,000000	2,000000	26,416235	27,201345	0,000000	-8,440913	31,923396	35,642258	0,000000	2,508052	-0,648621	0,771904
15/11/2011	16:29	14,000000	80,000000	0,275000	0,400000	15,000000	20,000000	2,000000	30,000000	4,000000	2,000000	26,612512	27,397622	0,000000	-9,292972	33,010429	36,690595	0,000000	2,174067	-0,333984	0,820254
15/11/2011	16:30	14,500000	80,000000	0,275000	0,400000	15,000000	20,000000	2,000000	30,000000	4,000000	2,000000	26,808790	27,593900	0,000000	-9,703401	33,969874	37,297301	0,000000	1,918890	-0,255177	0,856876
15/11/2011	16:31	15,000000	80,000000	0,275000	0,400000	15,000000	20,000000	2,000000	30,000000	4,000000	2,000000	27,005067	32,048202	0,000000	-4,340684	34,665073	36,388886	0,000000	1,390398	-0,528492	0,874086
15/11/2011	16:32	15,500000	80,000000	0,275000	0,400000	15,000000	20,000000	2,000000	30,000000	4,000000	2,000000	28,313517	33,232136	0,000000	-4,982169	35,368410	38,214305	0,000000	1,406673	0,016275	0,890729
15/11/2011	16:33	16,000000	80,000000	0,275000	0,400000	15,000000	20,000000	2,000000	30,000000	4,000000	2,000000	29,589661	34,386839	0,000000	-2,514916	35,851375	36,901754	0,000000	0,965931	-0,440742	0,893008
15/11/2011	16:34	16,500000	80,000000	0,275000	0,400000	15,000000	20,000000	2,000000	30,000000	4,000000	2,000000	30,834296	35,513032	0,000000	-2,917465	36,352596	38,430497	0,000000	1,002441	0,036510	0,896227
15/11/2011	16:35	17,000000	80,000000	0,275000	0,400000	15,000000	20,000000	2,000000	30,000000	4,000000	2,000000	32,048202	36,611419	0,000000	-1,403979	36,760116	38,015397	0,000000	0,815041	-0,187400	0,893907
15/11/2011	16:36	17,500000	80,000000	0,275000	0,400000	15,000000	20,000000	2,000000	30,000000	4,000000	2,000000	33,232136	37,682687	0,000000	-0,470789	37,096054	38,153476	0,000000	0,671876	-0,143165	0,887740
15/11/2011	16:37	18,000000	80,000000	0,275000	0,400000	15,000000	20,000000	2,000000	30,000000	4,000000	2,000000	34,386839	38,727505	0,843348	0,255560	37,398237	38,471945	1,000000	0,604365	-0,067511	0,880081
15/11/2011	16:38	18,500000	80,000000	0,275000	0,400000	15,000000	20,000000	2,000000	30,000000	4,000000	2,000000	35,513032	39,746526	6,717087	2,035481	37,567296	37,711045	1,000000	0,338120	-0,266245	0,865819
15/11/2011	16:39	19,000000	80,000000	0,275000	0,400000	15,000000	20,000000	2,000000	30,000000	4,000000	2,000000	36,611419	40,740388	4,871138	1,476103	37,830989	39,264286	1,000000	0,527384	0,189264	0,857141
15/11/2011	16:39	19,500000	80,000000	0,275000	0,400000	15,000000	20,000000	2,000000	30,000000	4,000000	2,000000	37,682687	41,709711	8,250000	3,950448	37,940215	37,759263	1,000000	0,218454	-0,308930	0,841174
15/11/2011	16:40	20,000000	80,000000	0,275000	0,400000	15,000000	20,000000	2,000000	30,000000	4,000000	2,000000	38,727505	42,655102	8,250000	4,966106	37,960848	37,688996	1,000000	0,041264	-0,177190	0,821664
15/11/2011	16:40	20,500000	80,000000	0,275000	0,400000	15,000000	20,000000	2,000000	30,000000	4,000000	2,000000	39,746526	43,577151	8,250000	4,361324	38,109459	39,215827	1,000000	0,297224	0,255960	0,809177
15/11/2011	16:41	21,000000	80,000000	0,275000	0,400000	15,000000	20,000000	2,000000	30,000000	4,000000	2,000000	40,740388	44,476434	8,250000	4,997675	38,327654	39,478759	1,000000	0,436388	0,139164	0,800508
15/11/2011	16:41	21,500000	80,000000	0,275000	0,400000	15,000000	20,000000	2,000000	30,000000	4,000000	2,000000	41,709711	45,353514	8,250000	6,388669	38,495428	38,964845	1,000000	0,335549	-0,100840	0,789940
15/11/2011	16:42	22,000000	80,000000	0,275000	0,400000	15,000000	20,000000	2,000000	30,000000	4,000000	2,000000	42,655102	46,208939	8,250000	4,626270	38,913021	41,582669	1,000000	0,835186	0,499638	0,790946
15/11/2011	16:42	22,500000	80,000000	0,275000	0,400000	15,000000	20,000000	2,000000	30,000000	4,000000	2,000000	43,577151	47,043243	8,250000	7,418797	39,177665	39,624446	1,000000	0,529288	-0,305898	0,785258
15/11/2011	16:43	23,000000	80,000000	0,275000	0,400000	15,000000	20,000000	2,000000	30,000000	4,000000	2,000000	44,476434	47,856948	8,250000	6,371416	39,551715	41,485533	1,000000	0,748099	0,218810	0,784467
15/11/2011	16:43	23,500000	80,000000	0,275000	0,400000	15,000000	20,000000	2,000000	30,000000	4,000000	2,000000	45,353514	48,650563	8,250000	5,716022	40,093828	42,934541	1,000000	1,084228	0,336129	0,790712
15/11/2011	16:44	24,000000	80,000000	0,275000	0,400000	15,000000	20,000000	2,000000	30,000000	4,000000	2,000000	46,208939	49,424584	8,250000	5,039432	40,811581	44,385152	1,000000	1,435506	0,351279	0,803871
15/11/2011	16:44	24,500000	80,000000	0,275000	0,400000	15,000000	20,000000	2,000000	30,000000	4,000000	2,000000	47,043243	50,179493	8,250000	3,093286	41,827763	47,086207	1,000000	2,032364	0,596858	0,828441
15/11/2011	16:45	25,000000	80,000000	0,275000	0,400000	15,000000	20,000000	2,000000	30,000000	4,000000	2,000000	47,856948	50,915764	5,690095	1,724271	43,097592	49,191493	1,000000	2,539657	0,507293	0,861994
15/11/2011	16:45	25,500000	80,000000	0,275000	0,400000	15,000000	20,000000	2,000000	30,000000	4,000000	2,000000	48,650563	51,633857	0,000000	-2,163321	44,850803	53,797178	0,000000	3,506422	0,966765	0,912849
15/11/2011	16:46	26,000000	80,000000	0,275000	0,400000	15,000000	20,000000	2,000000	30,000000	4,000000	2,000000	49,424584	52,334219	0,000000	-14,131798	48,031699	66,466017	0,000000	6,361791	2,855369	1,015659
15/11/2011	16:47	26,500000	80,000000	0,275000	0,400000	15,000000	20,000000	2,000000	30,000000	4,000000	2,000000	50,179493	53,017290	0,000000	-5,421234	50,601744	58,438524	0,000000	5,140090	-1,221700	1,092037
15/11/2011	16:48	27,000000	80,000000	0,275000	0,400000	15,000000	20,000000	2,000000	30,000000	4,000000	2,000000	50,915764	53,683495	0,000000	-4,208182	52,553979	57,891677	0,000000	3,904470	-1,235621	1,143172
15/11/2011	16:49	27,500000	80,000000	0,275000	0,400000	15,000000	20,000000	2,000000	30,000000	4,000000	2,000000	51,633857	54,333252	0,000000	-1,477841	53,783540	55,811093	0,000000	2,459123	-1,445347	1,166671
15/11/2011	16:50	28,000000	80,000000	0,275000	0,400000	15,000000	20,000000	2,000000	30,000000	4,000000	2,000000	52,334219	54,966966	0,000000	-3,176071	54,814401	58,143037	0,000000	2,061721	-0,397402	1,182374
15/11/2011	16:51	28,500000	80,000000	0,275000	0,400000	15,000000	20,000000	2,000000	30,000000	4,000000	2,000000	53,017290	55,585034	0,000000	-3,158019	55,709078	58,743053	0,000000	1,789354	-0,272367	1,192839
15/11/2011	16:52	29,000000	80,000000	0,275000	0,400000	15,000000	20,000000	2,000000	30,000000	4,000000	2,000000	53,683495	56,187842	0,000000	-1,360076	56,311027	57,547918	0,000000	1,203900	-0,585454	1,193027
15/11/2011	16:53	29,500000	80,000000	0,275000	0,400000	15,000000	20,000000	2,000000	30,000000	4,000000	2,000000	54,333252	56,775766	0,000000	-0,513857	56,687294	57,289623	0,000000	0,752532	-0,451367	1,185685
15/11/2011	16:54	30,000000	80,000000	0,275000	0,400000	15,000000	20,000000	2,000000	30,000000	4,000000	2,000000	54,966966	57,349174	0,000000	-2,485383	57,204219	59,834557	0,000000	1,033851	0,281318	1,183196
15/11/2011	16:55	30,500000	80,000000	0,275000	0,400000	15,000000	20,000000	2,000000	30,000000	4,000000	2,000000	55,585034	57,908425	0,000000	-0,584001	57,577098	58,492426	0,000000	0,745757	-0,288093	1,176141
15/11/2011	16:56	31,000000	80,000000	0,275000	0,400000	15,000000	20,000000	2,000000	30,000000	4,000000	2,000000	56,187842	58,453868	3,420898	1,036636	57,725059	57,417232	1,000000	0,295922	-0,449835	1,162169
15/11/2011	16:57	31,500000	80,000000	0,275000	0,400000	15,000000	20,000000	2,000000	30,000000	4,000000	2,000000	56,775766	58,985844	3,680834	1,115404	57,806973	57,870440	1,000000	0,163828	-0,132094	1,146570
15/11/2011	16:57	32,000000	80,000000	0,275000	0,400000	15,000000	20,000000	2,000000	30,000000	4,000000	2,000000	57,349174	59,504685	1,175356	0,356169	57,992439	59,148517	1,000000	0,370933	0,207105	1,134637
15/11/2011	16:58	32,500000	80,000000	0,275000	0,400000	15,000000	20,000000	2,000000	30,000000	4,000000	2,000000	57,908425	60,010717	3,144739	0,952951	58,193239	59,057765	1,000000	0,401598	0,030665	1,123530
15/11/2011	16:58	33,000000	80,000000	0,275000	0,400000	15,000000	20,000000	2,000000	30,000000	4,000000	2,000000	58,453868	60,504254	5,559087	1,684572	58,352087	58,819682	1,000000	0,317698	-0,083901	1,111503
15/11/2011	16:59	33,500000	80,000000	0,275000	0,400000	15,000000	20,000000	2,000000	30,000000	4,000000	2,000000	58,985844	60,985605	6,332675	1,918992	58,502079	59,066613	1,000000	0,299983	-0,017715	1,099569
15/11/2011	16:59	34,000000	80,000000	0,275000	0,400000	15,000000	20,000000	2,000000	30,000000	4,000000	2,000000	59,504685	61,455072	8,250000	3,276321	58,532816	58,178752	1,000000	0,061475	-0,238507	1,084524
15/11/2011	17:00	34,500000	80,000000	0,275000	0,400000	15,000000	20,000000	2,000000	30,000000	4,000000	2,000000	60,010717	61,912948	8,250000	2,734706	58,618191	59,178242	1,000000	0,170750	0,109275	1,071470
15/11/2011	17:00	35,000000	80,000000	0,275000	0,400000	15,000000	20,000000	2,000000	30,000000	4,000000	2,000000	60,504254	62,359519	2,736572	0,829264	58,979698	61,530255	1,000000	0,723014	0,552264	1,066562
15/11/2011	17:01	35,500000	80,000000	0,275000	0,400000	15,000000	20,000000	2,000000	30,000000	4,000000	2,000000	60,985605	62,795064	0,000000	-1,314297	59,710331	64,109361	0,000000	1,461265	0,738250	1,072044
15/11/2011	17:02	36,000000	80,000000	0,275000	0,400000	15,000000	20,000000	2,000000	30,000000	4,000000	2,000000	61,455072	63,219856	0,000000	-2,511616	60,704072	65,731472	0,000000	1,987482	0,526218	1,084584
15/11/2011	17:03	36,500000	80,000000	0,275000	0,400000	15,000000	20,000000	2,000000	30,000000	4,000000	2,000000	61,912948	63,634159	0,000000	-3,501996	61,860411	67,136155	0,000000	2,312677	0,325195	1,101180
15/11/2011	17:04	37,000000	80,000000	0,275000	0,400000	15,000000	20,000000	2,000000	30,000000	4,000000	2,000000	62,359519	64,038233	0,055568	0,016839	62,614448	64,021394	1,000000	1,508075	-0,804602	1,106606
15/11/2011	17:05	37,500000	80,000000	0,275000	0,400000	15,000000	20,000000	2,000000	30,000000	4,000000	2,000000	62,795064	64,432330	0,000000	-0,481758	63,205091	64,914088	0,000000	1,181287	-0,326788	1,107588
15/11/2011	17:06	38,000000	80,000000	0,275000	0,400000	15,000000	20,000000	2,000000	30,000000	4,000000	2,000000	63,219856	64,816698	3,431585	1,039874	63,531125	63,776823	1,000000	0,652068	-0,529219	1,101672
15/11/2011	17:06	38,500000	80,000000	0,275000	0,400000	15,000000	20,000000	2,000000	30,000000	4,000000	2,000000	63,634159	65,191575	0,000000	-1,013013	63,973081	66,204588	0,000000	0,883911	0,231843	1,098880
15/11/2011	17:07	39,000000	80,000000	0,275000	0,400000	15,000000	20,000000	2,000000	30,000000	4,000000	2,000000	64,038233	65,557196	0,000000	-0,842259	64,439102	66,399455	0,000000	0,932043	0,048133	1,096769
15/11/2011	17:08	39,500000	80,000000	0,275000	0,400000	15,000000	20,000000	2,000000	30,000000	4,000000	2,000000	64,432330	65,913790	0,000000	-0,707507	64,888689	66,621297	0,000000	0,899174	-0,032870	1,094299
15/11/2011	17:09	40,000000	80,000000	0,275000	0,400000	15,000000	20,000000	2,000000	30,000000	4,000000	2,000000	64,816698	66,261580	8,204087	2,486087	64,964817	63,775493	1,000000	0,152256	-0,746918	1,082669
15/11/2011	17:10	40,500000	80,000000	0,275000	0,400000	15,000000	20,000000	2,000000	30,000000	4,000000	2,000000	65,191575	66,600783	5,094950	1,543924	65,008879	65,056858	1,000000	0,088123	-0,064133	1,070540
