Date	heure	t	Tu	I	G	tm	tau	ta	p	Vc	Ac	Tc	Tcf	Dich	e	T	Tf	Ach	Vm	Am	T 1051	Ieff	Ambient	5V	T1	T2	E	T surf	T IR	T IRa	Fth	Fthc	Fthmoy	Fthmin	Ebullition	C(€)	e1	e2
24/08/2013	15:08	0	80	0,275	0,4	15	20	2	30	4	2	24,0299	29,356159	8,25	101,084959	24,07	-71,7288	1	0,0802	-47,9796	24,07	4,229633	25,25	5,065093	33,957165	26,341246	-0,94162	0	23,97	28,97	1,135623	0	1,135623	0	0	0,000406	101	0
24/08/2013	15:09	0,5	80	0,275	0,4	15	20	2	30	4	2	25,411807	30,60656	8,25	2,69196	24,515	27,9146	1	0,89	0,8098	24,515	4,229633	25,7578	5,047164	32,682322	26,341246	-0,956685	23,97	23,87	28,95	0,913123	0	1,024373	0	0	0,000812	3	0
24/08/2013	15:09	1	80	0,275	0,4	15	20	2	30	4	2	26,759594	31,826088	8,25	8,581688	24,5716	23,2444	1	0,1132	-0,7768	24,5716	4,250165	26,1484	5,083023	32,914112	26,341246	-0,94162	23,87	23,95	28,95	0,884823	0	0,977856	0	0	0,00122	9	0
24/08/2013	15:10	1,5	80	0,275	0,4	15	20	2	30	4	2	28,074104	33,015507	8,25	7,110607	24,7449	25,9049	1	0,3466	0,2334	24,7449	4,239899	26,3594	5,029234	33,377691	26,341246	-0,945386	23,95	23,95	28,97	0,798173	0	0,932936	0	0	0,001627	7	0
24/08/2013	15:10	2	80	0,275	0,4	15	20	2	30	4	2	29,356159	34,175558	8,25	5,172958	25,295	29,0026	1	1,1002	0,7536	25,295	4,250165	26,5391	5,029234	33,261796	26,341246	-0,949153	23,95	23,91	28,95	0,523123	0	0,850973	0	0	0,002034	5	0
24/08/2013	15:11	2,5	80	0,275	0,4	15	20	2	30	4	2	30,60656	35,306967	8,25	4,763067	26,1227	30,5439	1	1,6554	0,5552	26,1227	4,229633	26,7422	5,047164	33,377691	26,341246	-0,926554	23,91	24,03	28,95	0,109273	0	0,727356	0	0	0,00244	5	0
24/08/2013	15:11	3	80	0,275	0,4	15	20	2	30	4	2	31,826088	36,410442	7,55417	2,289142	27,3793	34,1213	0	2,5132	0,8578	27,3793	0	26,875	5,083023	33,60948	26,341246	-0,952919	24,03	23,91	28,97	-0,519027	0	0,549302	0	0	0,00255	2	0
24/08/2013	15:12	3,5	80	0,275	0,4	15	20	2	30	4	2	33,015507	37,486672	8,25	2,690372	28,7619	34,7963	1	2,7652	0,252	28,7619	4,229633	27,0078	5,100952	34,304849	26,341246	-0,967985	23,91	23,83	28,97	-1,210327	0	0,329348	0	0	0,002956	3	0
24/08/2013	15:12	4	80	0,275	0,4	15	20	2	30	4	2	34,175558	38,53633	0	-1,82127	30,6648	40,3576	0	3,8058	1,0406	30,6648	0	27,1172	5,029234	35,347902	26,341246	-0,956685	23,83	23,89	28,97	-2,161777	0	0,052556	0	0	0,003066	-2	0
24/08/2013	15:12	4,5	80	0,275	0,4	15	20	2	30	4	2	35,306967	39,560072	0,086037	0,026072	32,496	39,534	1	3,6624	-0,1434	32,496	2,135349	27,1797	5,818134	34,884323	26,341246	-0,975518	23,89	23,79	28,97	-3,077377	0	-0,260437	0	0	0,003177	0	0
24/08/2013	15:13	5	80	0,275	0,4	15	20	2	30	4	2	36,410442	40,558537	0	-1,668563	34,3911	42,2271	0	3,7902	0,1278	34,3911	0	27,2813	5,029234	35,232007	26,467887	-0,971751	23,79	23,81	28,97	-3,961607	0	-0,596907	0	0	0,003286	-2	0
24/08/2013	15:13	5,5	80	0,275	0,4	15	20	2	30	4	2	37,486672	41,53235	0	-2,18305	36,2694	43,7154	0	3,7566	-0,0336	36,2694	0	27,3906	5,100952	34,420744	26,341246	-0,952919	23,81	23,91	28,97	-4,964077	0	-0,960838	0	0	0,003396	-2	0
24/08/2013	15:14	6	80	0,275	0,4	15	20	2	30	4	2	38,53633	42,48212	0	-0,17368	37,8138	42,6558	0	3,0888	-0,6678	37,8138	0	27,4609	5,047164	36,04327	26,341246	-0,94162	23,91	23,99	28,99	-5,736277	0	-1,328179	0	0	0,003506	0	0
24/08/2013	15:14	6,5	80	0,275	0,4	15	20	2	30	4	2	39,560072	43,40844	0	-1,03206	39,2365	44,4405	0	2,8454	-0,2434	39,2365	0	27,5938	5,029234	36,04327	26,341246	-0,934087	23,99	24,03	28,99	-6,447627	0	-1,693854	0	0	0,003615	-1	0
24/08/2013	15:15	7	80	0,275	0,4	15	20	2	30	4	2	40,558537	44,311889	7,334212	2,222489	40,1858	42,0894	1	1,8986	-0,9468	40,1858	4,270698	27,6953	5,083023	35,463797	26,341246	-0,94162	24,03	23,99	28,99	-6,922277	0	-2,042416	0	0	0,003991	2	0
24/08/2013	15:15	7,5	80	0,275	0,4	15	20	2	30	4	2	41,53235	45,193031	0	-0,520469	41,2219	45,7135	0	2,0722	0,1736	41,2219	0	27,7734	5,100952	35,579691	26,341246	-0,945386	23,99	23,97	28,99	-7,440327	0	-2,379785	0	0	0,004101	-1	0
24/08/2013	15:16	8	80	0,275	0,4	15	20	2	30	4	2	42,48212	46,052418	3,54657	1,074718	42,0997	44,9777	1	1,7556	-0,3166	42,0997	4,229633	27,9141	5,065093	36,390955	26,341246	-0,937853	23,97	24,03	29,01	-7,879227	0	-2,703282	0	0	0,004338	1	0
24/08/2013	15:16	8,5	80	0,275	0,4	15	20	2	30	4	2	43,40844	46,890587	4,842707	1,467487	42,8591	45,4231	1	1,5188	-0,2368	42,8591	4,270698	28,0469	5,047164	35,463797	26,341246	-0,949153	24,03	23,97	29,01	-8,258927	0	-3,011929	0	0	0,004623	1	0
24/08/2013	15:17	9	80	0,275	0,4	15	20	2	30	4	2	44,311889	47,708061	0	-2,717239	44,0373	50,4253	0	2,3564	0,8376	44,0373	0	28,1563	5,083023	36,854534	26,341246	-0,937853	23,97	24,05	29,03	-8,848027	0	-3,319092	0	0	0,004733	-3	0
24/08/2013	15:18	9,5	80	0,275	0,4	15	20	2	30	4	2	45,193031	48,505352	7,356532	2,229252	44,8097	46,2761	1	1,5448	-0,8116	44,8097	4,239899	28,2656	5,083023	37,434007	26,341246	-0,952919	24,05	23,97	29,03	-9,234227	0	-3,614848	0	0	0,005107	2	0
24/08/2013	15:18	10	80	0,275	0,4	15	20	2	30	4	2	46,052418	49,282958	0	-1,925842	45,864	51,2088	0	2,1086	0,5638	45,864	0	28,3984	5,029234	36,622744	26,341246	-0,949153	23,97	23,95	28,99	-9,761377	0	-3,90754	0	0	0,005217	-2	0
24/08/2013	15:18	10,5	80	0,275	0,4	15	20	2	30	4	2	46,890587	50,041364	0	-0,640536	46,8679	50,6819	0	2,0078	-0,1008	46,8679	0	28,5547	5,011305	37,665797	26,341246	-0,983051	23,95	23,79	29,01	-10,263327	0	-4,19644	0	0	0,005326	-1	0
24/08/2013	15:19	11	80	0,275	0,4	15	20	2	30	4	2	47,708061	50,781046	0	-3,258254	48,1109	54,0393	0	2,486	0,4782	48,1109	0	28,6797	5,083023	37,434007	26,341246	-0,960452	23,79	23,91	29,01	-10,884827	0	-4,487239	0	0	0,005436	-3	0
24/08/2013	15:19	11,5	80	0,275	0,4	15	20	2	30	4	2	48,505352	51,502464	4,582262	1,388564	48,8859	50,1139	1	1,55	-0,936	48,8859	4,311762	28,8281	5,047164	36,506849	26,341246	-0,922787	23,91	24,13	29,03	-11,272327	0	-4,769951	0	0	0,005714	1	0
24/08/2013	15:20	12	80	0,275	0,4	15	20	2	30	4	2	49,282958	52,206071	0	-1,669929	49,7848	53,876	0	1,7978	0,2478	49,7848	0	28,9531	5,029234	37,549902	26,341246	-0,896422	24,13	24,25	29,01	-11,721777	0	-5,048024	0	0	0,005823	-2	0
24/08/2013	15:20	12,5	80	0,275	0,4	15	20	2	30	4	2	50,041364	52,892305	2,268768	0,687505	50,4532	52,2048	1	1,3368	-0,461	50,4532	4,301496	29,0703	5,029234	37,897587	26,594527	-0,964218	24,25	23,91	29,03	-11,929336	0	-5,31269	0	0	0,006016	1	0
24/08/2013	15:21	13	80	0,275	0,4	15	20	2	30	4	2	50,781046	53,561597	0	-1,177703	51,2265	54,7393	0	1,5466	0,2098	51,2265	0	29,2266	5,065093	37,549902	26,594527	-0,922787	23,91	24,13	29,03	-12,315986	0	-5,572071	0	0	0,006125	-1	0
24/08/2013	15:21	13,5	80	0,275	0,4	15	20	2	30	4	2	51,502464	54,214363	1,127819	0,341763	51,8642	53,8726	1	1,2754	-0,2712	51,8642	4,47602	29,3672	5,047164	37,318113	26,594527	-0,934087	24,13	24,07	29,03	-12,634836	0	-5,824313	0	0	0,006278	0	0
24/08/2013	15:22	14	80	0,275	0,4	15	20	2	30	4	2	52,206071	54,851013	0	-0,172887	52,4987	55,0239	0	1,269	-0,0064	52,4987	0	29,4922	5,029234	38,592955	26,721168	-0,93032	24,07	24,09	29,03	-12,888766	0	-6,067915	0	0	0,006387	0	0
24/08/2013	15:22	14,5	80	0,275	0,4	15	20	2	30	4	2	52,892305	55,471944	0	-0,241556	53,1379	55,7135	0	1,2784	0,0094	53,1379	0	29,6563	5,029234	39,056534	26,721168	-0,937853	24,09	24,05	29,03	-13,208366	0	-6,30593	0	0	0,006497	0	0
24/08/2013	15:23	15	80	0,275	0,4	15	20	2	30	4	2	53,561597	56,077544	8,25	3,334644	53,3781	52,7429	1	0,4804	-0,798	53,3781	4,239899	29,7891	5,047164	39,056534	26,721168	-0,956685	24,05	23,97	29,05	-13,328466	0	-6,532463	0	0	0,006904	3	0
24/08/2013	15:23	15,5	80	0,275	0,4	15	20	2	30	4	2	54,214363	56,668191	4,708081	1,426691	53,6919	55,2415	1	0,6276	0,1472	53,6919	4,188569	29,9219	5,065093	38,245271	26,721168	-0,937853	23,97	24,07	29,05	-13,485366	0	-6,749741	0	0	0,007181	1	0
24/08/2013	15:24	16	80	0,275	0,4	15	20	2	30	4	2	54,851013	57,244255	0	-0,243245	54,2531	57,4875	0	1,1224	0,4948	54,2531	0	30,0859	5,047164	39,404218	26,847809	-0,922787	24,07	24,15	29,05	-13,702646	0	-6,960435	0	0	0,007291	0	0
24/08/2013	15:24	16,5	80	0,275	0,4	15	20	2	30	4	2	55,471944	57,806097	0	-0,756903	54,9814	58,563	0	1,4566	0,3342	54,9814	0	30,2422	5,011305	39,520113	26,847809	-0,919021	24,15	24,17	29,05	-14,066796	0	-7,169446	0	0	0,0074	-1	0
24/08/2013	15:25	17	80	0,275	0,4	15	20	2	30	4	2	56,077544	58,354066	0	-0,402034	55,7245	58,7561	0	1,4862	0,0296	55,7245	0	30,3594	5,029234	38,592955	26,847809	-0,896422	24,17	24,31	29,07	-14,438346	0	-7,377129	0	0	0,00751	0	0
24/08/2013	15:25	17,5	80	0,275	0,4	15	20	2	30	4	2	56,668191	58,888506	0	-0,245494	56,4336	59,134	0	1,4182	-0,068	56,4336	0	30,5156	5,047164	39,636008	26,847809	-0,896422	24,31	24,31	29,07	-14,792896	0	-7,583122	0	0	0,007619	0	0
24/08/2013	15:26	18	80	0,275	0,4	15	20	2	30	4	2	57,244255	59,409751	0	-0,537849	57,1392	59,9476	0	1,4112	-0,007	57,1392	0	30,6719	5,065093	38,940639	26,847809	-0,93032	24,31	24,13	29,07	-15,145696	0	-7,787516	0	0	0,007729	-1	0
24/08/2013	15:27	18,5	80	0,275	0,4	15	20	2	30	4	2	57,806097	59,918126	8,25	3,648326	57,3562	56,2698	1	0,434	-0,9772	57,3562	4,229633	30,8203	5,047164	39,867797	26,847809	-0,915254	24,13	24,23	29,09	-15,254196	0	-7,984008	0	0	0,008135	4	0
24/08/2013	15:27	19	80	0,275	0,4	15	20	2	30	4	2	58,354066	60,413949	5,443842	1,649649	57,6091	58,7643	1	0,5058	0,0718	57,6091	4,198835	30,9688	5,065093	39,867797	26,847809	-0,885122	24,23	24,39	29,09	-15,380646	0	-8,173665	0	0	0,008439	2	0
24/08/2013	15:27	19,5	80	0,275	0,4	15	20	2	30	4	2	58,888506	60,897531	0	-0,577069	58,151	61,4746	0	1,0838	0,578	58,151	0	31,0781	5,065093	38,824745	26,847809	-0,907721	24,39	24,27	29,09	-15,651596	0	-8,360614	0	0	0,008549	-1	0
24/08/2013	15:28	20	80	0,275	0,4	15	20	2	30	4	2	59,409751	61,369172	0	-1,258928	58,8893	62,6281	0	1,4766	0,3928	58,8893	0	31,2266	5,065093	39,404218	26,847809	-0,937853	24,27	24,11	29,09	-16,020746	0	-8,547446	0	0	0,008658	-1	0
24/08/2013	15:28	20,5	80	0,275	0,4	15	20	2	30	4	2	59,918126	61,829169	0	-1,219631	59,6796	63,0488	0	1,5806	0,104	59,6796	0	31,3906	5,047164	39,636008	26,847809	-0,877589	24,11	24,43	29,09	-16,415896	0	-8,73479	0	0	0,008768	-1	0
24/08/2013	15:29	21	80	0,275	0,4	15	20	2	30	4	2	60,413949	62,277808	0	-0,540592	60,3796	62,8184	0	1,4	-0,1806	60,3796	0	31,5469	5,029234	40,099587	26,847809	-0,873823	24,43	24,47	29,11	-16,765896	0	-8,92156	0	0	0,008877	-1	0
24/08/2013	15:29	21,5	80	0,275	0,4	15	20	2	30	4	2	60,897531	62,715371	0	-0,239029	60,9768	62,9544	0	1,1944	-0,2056	60,9768	0	31,6797	5,065093	40,563166	26,847809	-0,900188	24,47	24,33	29,11	-17,064496	0	-9,106627	0	0	0,008987	0	0
24/08/2013	15:30	22	80	0,275	0,4	15	20	2	30	4	2	61,369172	63,14213	7,354148	2,22853	61,2352	60,9136	1	0,5168	-0,6776	61,2352	4,270698	31,8281	5,029234	40,099587	26,847809	-0,911488	24,33	24,27	29,11	-17,193696	0	-9,286339	0	0	0,009363	2	0
24/08/2013	15:31	22,5	80	0,275	0,4	15	20	2	30	4	2	61,829169	63,558352	7,596442	2,301952	61,3524	61,2564	1	0,2344	-0,2824	61,3524	4,229633	31,9453	5,065093	41,026745	26,847809	-0,881356	24,27	24,45	29,13	-17,252296	0	-9,459512	0	0	0,009746	2	0
24/08/2013	15:31	23	80	0,275	0,4	15	20	2	30	4	2	62,277808	63,964298	0	-1,501202	61,8615	65,4655	0	1,0182	0,7838	61,8615	0	32,0859	5,029234	39,520113	27,10109	-0,903955	24,45	24,33	29,13	-17,380205	0	-9,628038	0	0	0,009856	-2	0
24/08/2013	15:31	23,5	80	0,275	0,4	15	20	2	30	4	2	62,715371	64,360221	0	-2,627979	62,6574	66,9882	0	1,5918	0,5736	62,6574	0	32,2344	5,065093	41,258535	27,10109	-0,881356	24,33	24,45	29,13	-17,778155	0	-9,797832	0	0	0,009965	-3	0
24/08/2013	15:32	24	80	0,275	0,4	15	20	2	30	4	2	63,14213	64,746368	0	-1,939132	63,4587	66,6855	0	1,6026	0,0108	63,4587	0	32,3438	5,047164	40,099587	26,847809	-0,900188	24,45	24,37	29,15	-18,305446	0	-9,971457	0	0	0,010075	-2	0
24/08/2013	15:32	24,5	80	0,275	0,4	15	20	2	30	4	2	63,558352	65,122982	0	-1,456618	64,1616	66,5796	0	1,4058	-0,1968	64,1616	0	32,4609	5,100952	40,331376	27,10109	-0,900188	24,37	24,39	29,17	-18,530255	0	-10,142633	0	0	0,010185	-1	0
24/08/2013	15:33	25	80	0,275	0,4	15	20	2	30	4	2	63,964298	65,490297	1,429549	0,433197	64,5735	65,0571	1	0,8238	-0,582	64,5735	4,47602	32,625	5,065093	41,374429	27,22773	-0,900188	24,39	24,37	29,15	-18,672885	0	-10,309892	0	0	0,010349	0	0
24/08/2013	15:33	25,5	80	0,275	0,4	15	20	2	30	4	2	64,360221	65,848543	0	-0,883457	64,9964	66,732	0	0,8458	0,022	64,9964	0	32,7266	5,083023	39,983692	27,22773	-0,903955	24,37	24,35	29,15	-18,884335	0	-10,474785	0	0	0,010458	-1	0
24/08/2013	15:34	26	80	0,275	0,4	15	20	2	30	4	2	64,746368	66,197943	4,046933	1,226343	65,1816	64,9716	1	0,3704	-0,4754	65,1816	4,301496	32,875	5,029234	40,099587	27,22773	-0,885122	24,35	24,45	29,15	-18,976935	0	-10,635203	0	0	0,010716	1	0
24/08/2013	15:34	26,5	80	0,275	0,4	15	20	2	30	4	2	65,122982	66,538717	3,210627	0,972917	65,3066	65,5658	1	0,25	-0,1204	65,3066	4,29123	33	5,047164	40,331376	27,354371	-0,896422	24,45	24,39	29,15	-18,976114	0	-10,789665	0	0	0,010942	1	0
24/08/2013	15:35	27	80	0,275	0,4	15	20	2	30	4	2	65,490297	66,871078	4,323916	1,310278	65,3904	65,5608	1	0,1676	-0,0824	65,3904	4,270698	33,0859	5,083023	40,331376	27,22773	-0,900188	24,39	24,39	29,17	-19,081335	0	-10,940422	0	0	0,011209	1	0
24/08/2013	15:35	27,5	80	0,275	0,4	15	20	2	30	4	2	65,848543	67,195232	0	-2,274468	65,8809	69,4697	0	0,981	0,8134	65,8809	0	33,2109	5,047164	40,563166	27,22773	-0,911488	24,39	24,33	29,17	-19,326585	0	-11,090175	0	0	0,011318	-2	0
24/08/2013	15:36	28	80	0,275	0,4	15	20	2	30	4	2	66,197943	67,511383	0,753333	0,228283	66,2547	67,2831	1	0,7476	-0,2334	66,2547	4,517084	33,3359	5,029234	41,14264	27,354371	-0,881356	24,33	24,49	29,17	-19,450164	0	-11,236842	0	0	0,011457	0	0
24/08/2013	15:36	28,5	80	0,275	0,4	15	20	2	30	4	2	66,538717	67,819728	0	-2,866272	66,9132	70,686	0	1,317	0,5694	66,9132	0	33,4609	5,083023	40,794956	27,354371	-0,888889	24,49	24,45	29,17	-19,779414	0	-11,384127	0	0	0,011567	-3	0
24/08/2013	15:37	29	80	0,275	0,4	15	20	2	30	4	2	66,871078	68,12046	8,25	2,56596	67,0549	65,5545	1	0,2834	-1,0336	67,0549	4,229633	33,5703	5,029234	40,563166	27,354371	-0,888889	24,45	24,45	29,17	-19,850264	0	-11,527621	0	0	0,011973	3	0
24/08/2013	15:37	29,5	80	0,275	0,4	15	20	2	30	4	2	67,195232	68,413767	0	-3,677733	67,6775	72,0915	0	1,2452	0,9618	67,6775	0	33,6797	5,029234	42,185693	27,354371	-0,870056	24,45	24,55	29,17	-20,161564	0	-11,67152	0	0	0,012082	-4	0
24/08/2013	15:38	30	80	0,275	0,4	15	20	2	30	4	2	67,511383	68,699832	1,856355	0,562532	68,0053	68,1373	1	0,6556	-0,5896	68,0053	4,352826	33,7891	5,029234	42,417482	27,354371	-0,892655	24,55	24,47	29,21	-20,325464	0	-11,813388	0	0	0,012261	1	0
24/08/2013	15:38	30,5	80	0,275	0,4	15	20	2	30	4	2	67,819728	68,978834	0	-3,072966	68,6006	72,0518	0	1,1906	0,535	68,6006	0	33,9609	5,065093	40,91085	27,354371	-0,873823	24,47	24,55	29,19	-20,623114	0	-11,955481	0	0	0,01237	-3	0
24/08/2013	15:39	31	80	0,275	0,4	15	20	2	30	4	2	68,12046	69,250947	0	-2,901253	69,2598	72,1522	0	1,3184	0,1278	69,2598	0	34,0781	5,083023	41,374429	27,354371	-0,911488	24,55	24,35	29,19	-20,952714	0	-12,098294	0	0	0,01248	-3	0
24/08/2013	15:39	31,5	80	0,275	0,4	15	20	2	30	4	2	68,413767	69,516342	0	-2,926958	69,9065	72,4433	0	1,2934	-0,025	69,9065	0	34,1719	5,065093	41,14264	27,354371	-0,885122	24,35	24,49	29,19	-21,276064	0	-12,241697	0	0	0,012589	-3	0
24/08/2013	15:40	32	80	0,275	0,4	15	20	2	30	4	2	68,699832	69,775185	2,82541	0,856185	70,0842	68,919	1	0,3554	-0,938	70,0842	4,393891	34,3516	5,047164	42,301587	27,354371	-0,854991	24,49	24,63	29,17	-21,364914	0	-12,382054	0	0	0,012805	1	0
24/08/2013	15:40	32,5	80	0,275	0,4	15	20	2	30	4	2	68,978834	70,027636	0	-0,257464	70,1855	70,2851	0	0,2026	-0,1528	70,1855	0	34,4922	5,065093	41,374429	27,354371	-0,86629	24,63	24,61	29,21	-21,415564	0	-12,518925	0	0	0,012914	0	0
24/08/2013	15:41	33	80	0,275	0,4	15	20	2	30	4	2	69,250947	70,273855	5,938202	1,799455	70,0404	68,4744	1	-0,2902	-0,4928	70,0404	4,239899	34,6016	5,029234	42,301587	27,354371	-0,881356	24,61	24,53	29,21	-21,343014	0	-12,650628	0	0	0,013238	2	0
24/08/2013	15:41	33,5	80	0,275	0,4	15	20	2	30	4	2	69,516342	70,513994	4,037201	1,223394	69,8926	69,2906	1	-0,2956	-0,0054	69,8926	4,198835	34,7109	5,047164	42,417482	27,354371	-0,843691	24,53	24,69	29,17	-21,269114	0	-12,77737	0	0	0,013491	1	0
24/08/2013	15:42	34	80	0,275	0,4	15	20	2	30	4	2	69,775185	70,748205	0	-0,994695	70,0325	71,7429	0	0,2798	0,5754	70,0325	0	34,8516	5,083023	42,765166	27,354371	-0,854991	24,69	24,67	29,21	-21,339064	0	-12,901453	0	0	0,013601	-1	0
24/08/2013	15:42	34,5	80	0,275	0,4	15	20	2	30	4	2	70,027636	70,976632	2,696207	0,817032	70,1088	70,1596	1	0,1526	-0,1272	70,1088	4,332294	34,9297	5,083023	42,301587	27,481012	-0,877589	24,67	24,55	29,21	-21,313894	0	-13,021631	0	0	0,01381	1	0
24/08/2013	15:43	35	80	0,275	0,4	15	20	2	30	4	2	70,273855	71,19942	2,117346	0,64162	70,1926	70,5578	1	0,1676	0,015	70,1926	4,393891	35,0156	5,029234	41,953903	27,481012	-0,839925	24,55	24,75	29,21	-21,355794	0	-13,139013	0	0	0,013998	1	0
24/08/2013	15:43	35,5	80	0,275	0,4	15	20	2	30	4	2	70,513994	71,416707	0	-0,579993	70,4303	71,9967	0	0,4754	0,3078	70,4303	0	35,1484	5,047164	41,953903	27,481012	-0,851224	24,75	24,69	29,21	-21,474644	0	-13,254786	0	0	0,014108	-1	0
24/08/2013	15:44	36	80	0,275	0,4	15	20	2	30	4	2	70,748205	71,628629	0	-1,638071	70,8511	73,2667	0	0,8416	0,3662	70,8511	0	35,2109	5,047164	42,881061	27,734293	-0,843691	24,69	24,73	29,21	-21,558404	0	-13,368534	0	0	0,014218	-2	0
24/08/2013	15:44	36,5	80	0,275	0,4	15	20	2	30	4	2	70,976632	71,835319	3,073354	0,931319	71,044	70,904	1	0,3858	-0,4558	71,044	4,311762	35,2969	5,047164	42,069798	27,734293	-0,854991	24,73	24,67	29,21	-21,654854	0	-13,480511	0	0	0,01444	1	0
24/08/2013	15:45	37	80	0,275	0,4	15	20	2	30	4	2	71,19942	72,036906	3,27164	0,991406	71,1299	71,0455	1	0,1718	-0,214	71,1299	4,250165	35,3828	5,065093	42,185693	27,860933	-0,888889	24,67	24,53	29,25	-21,634483	0	-13,589231	0	0	0,014668	1	0
24/08/2013	15:45	37,5	80	0,275	0,4	15	20	2	30	4	2	71,416707	72,233515	0	-0,008985	71,2917	72,2425	0	0,3236	0,1518	71,2917	0	35,5078	5,065093	42,185693	27,860933	-0,851224	24,53	24,73	29,25	-21,715383	0	-13,696154	0	0	0,014777	0	0
24/08/2013	15:46	38	80	0,275	0,4	15	20	2	30	4	2	71,628629	72,425271	0	-1,034429	71,6045	73,4597	0	0,6256	0,302	71,6045	0	35,5625	5,065093	42,301587	27,860933	-0,854991	24,73	24,69	29,23	-21,871783	0	-13,802331	0	0	0,014887	-1	0
24/08/2013	15:46	38,5	80	0,275	0,4	15	20	2	30	4	2	71,835319	72,612291	0	-1,116009	71,9795	73,7283	0	0,75	0,1244	71,9795	0	35,6797	5,047164	42,069798	27,860933	-0,832392	24,69	24,83	29,25	-22,059283	0	-13,908189	0	0	0,014996	-1	0
24/08/2013	15:47	39	80	0,275	0,4	15	20	2	30	4	2	72,036906	72,794695	4,682022	1,418795	72,0791	71,3759	1	0,1992	-0,5508	72,0791	4,198835	35,7813	5,047164	42,996956	27,860933	-0,828625	24,83	24,85	29,25	-22,109083	0	-14,011998	0	0	0,015273	1	0
24/08/2013	15:47	39,5	80	0,275	0,4	15	20	2	30	4	2	72,233515	72,972594	2,680241	0,812194	72,1324	72,1604	1	0,1066	-0,0926	72,1324	4,311762	35,8359	5,029234	43,808219	27,860933	-0,836158	24,85	24,83	29,27	-22,135733	0	-14,113545	0	0	0,015481	1	0
24/08/2013	15:48	40	80	0,275	0,4	15	20	2	30	4	2	72,425271	73,146101	1,328255	0,402501	72,224	72,7436	1	0,1832	0,0766	72,224	4,434955	35,9297	5,047164	42,649272	27,860933	-0,828625	24,83	24,87	29,27	-22,181533	0	-14,21315	0	0	0,015641	0	0
24/08/2013	15:48	40,5	80	0,275	0,4	15	20	2	30	4	2	72,612291	73,315325	2,773072	0,840325	72,2926	72,475	1	0,1372	-0,046	72,2926	4,311762	36	5,029234	43,460535	27,860933	-0,858757	24,87	24,71	29,27	-22,215833	0	-14,310743	0	0	0,015852	1	0
24/08/2013	15:49	41	80	0,275	0,4	15	20	2	30	4	2	72,794695	73,48037	0	-0,12813	72,4693	73,6085	0	0,3534	0,2162	72,4693	0	36,0703	5,083023	44,040009	27,860933	-0,854991	24,71	24,75	29,29	-22,304183	0	-14,40705	0	0	0,015961	0	0
24/08/2013	15:49	41,5	80	0,275	0,4	15	20	2	30	4	2	72,972594	73,64134	0	-2,43846	72,949	76,0798	0	0,9594	0,606	72,949	0	36,1563	5,047164	43,808219	27,860933	-0,854991	24,75	24,75	29,29	-22,544033	0	-14,503919	0	0	0,016071	-2	0
24/08/2013	15:50	42	80	0,275	0,4	15	20	2	30	4	2	73,146101	73,798336	3,569069	1,081536	73,1364	72,7168	1	0,3748	-0,5846	73,1364	4,229633	36,2344	5,083023	42,881061	27,860933	-0,858757	24,75	24,71	29,27	-22,637733	0	-14,599611	0	0	0,016309	1	0
24/08/2013	15:50	42,5	80	0,275	0,4	15	20	2	30	4	2	73,315325	73,951456	3,307114	1,002156	73,1989	72,9493	1	0,125	-0,2498	73,1989	4,311762	36,2969	5,083023	44,155904	27,860933	-0,828625	24,71	24,87	29,27	-22,668983	0	-14,693441	0	0	0,01654	1	0
24/08/2013	15:51	43	80	0,275	0,4	15	20	2	30	4	2	73,48037	74,100795	1,315363	0,398595	73,2826	73,7022	1	0,1674	0,0424	73,2826	4,393891	36,3438	5,065093	44,155904	27,860933	-0,809793	24,87	24,99	29,29	-22,710833	0	-14,785595	0	0	0,016698	0	0
24/08/2013	15:51	43,5	80	0,275	0,4	15	20	2	30	4	2	73,64134	74,246447	0	-1,254653	73,5663	75,5011	0	0,5674	0,4	73,5663	0	36,4063	5,047164	44,387693	27,860933	-0,824859	24,99	24,91	29,29	-22,852683	0	-14,877266	0	0	0,016808	-1	0
24/08/2013	15:52	44	80	0,275	0,4	15	20	2	30	4	2	73,798336	74,388502	0	-1,519698	73,9526	75,9082	0	0,7726	0,2052	73,9526	0	36,4609	5,047164	44,271798	27,860933	-0,809793	24,91	24,99	29,29	-23,045833	0	-14,969048	0	0	0,016918	-2	0
24/08/2013	15:52	44,5	80	0,275	0,4	15	20	2	30	4	2	73,951456	74,527051	4,241658	1,285351	74,0453	73,2417	1	0,1854	-0,5872	74,0453	4,311762	36,5547	5,065093	42,881061	27,860933	-0,843691	24,99	24,81	29,29	-23,092183	0	-15,059305	0	0	0,017183	1	0
24/08/2013	15:53	45	80	0,275	0,4	15	20	2	30	4	2	74,100795	74,662178	0	-1,179522	74,2861	75,8417	0	0,4816	0,2962	74,2861	0	36,6172	5,029234	44,387693	27,860933	-0,809793	24,81	25,01	29,31	-23,212583	0	-15,148901	0	0	0,017292	-1	0
24/08/2013	15:53	45,5	80	0,275	0,4	15	20	2	30	4	2	74,246447	74,79397	0	-2,08033	74,6807	76,8743	0	0,7892	0,3076	74,6807	0	36,7266	5,047164	42,996956	27,860933	-0,828625	25,01	24,93	29,33	-23,409883	0	-15,238694	0	0	0,017402	-2	0
24/08/2013	15:54	46	80	0,275	0,4	15	20	2	30	4	2	74,388502	74,922507	2,513963	0,761807	74,7983	74,1607	1	0,2352	-0,554	74,7983	4,393891	36,7734	5,029234	44,040009	27,860933	-0,794727	24,93	25,07	29,29	-23,468683	0	-15,327189	0	0	0,017605	1	0
24/08/2013	15:54	46,5	80	0,275	0,4	15	20	2	30	4	2	74,527051	75,047871	0	-0,104429	74,8899	75,1523	0	0,1832	-0,052	74,8899	0	36,8672	5,029234	43,460535	27,860933	-0,806026	25,07	25,03	29,31	-23,514483	0	-15,414288	0	0	0,017715	0	0
24/08/2013	15:55	47	80	0,275	0,4	15	20	2	30	4	2	74,662178	75,170139	6,05728	1,835539	74,7578	73,3346	1	-0,2642	-0,4474	74,7578	4,270698	36,9531	5,047164	43,57643	27,860933	-0,813559	25,03	24,99	29,31	-23,448433	0	-15,498858	0	0	0,018044	2	0
24/08/2013	15:55	47,5	80	0,275	0,4	15	20	2	30	4	2	74,79397	75,289389	4,150704	1,257789	74,6184	74,0316	1	-0,2788	-0,0146	74,6184	4,311762	37,0313	5,065093	43,808219	28,114215	-0,775895	24,99	25,21	29,33	-23,252093	0	-15,579621	0	0	0,018306	1	0
24/08/2013	15:56	48	80	0,275	0,4	15	20	2	30	4	2	74,922507	75,405694	0	-3,095806	74,9879	78,5015	0	0,739	1,0178	74,9879	0	37,0781	5,083023	44,851272	28,240855	-0,828625	25,21	24,93	29,33	-23,373522	0	-15,65997	0	0	0,018416	-3	0
24/08/2013	15:56	48,5	80	0,275	0,4	15	20	2	30	4	2	75,047871	75,519128	0	-0,087772	75,2209	75,6069	0	0,466	-0,273	75,2209	0	37,1641	5,029234	43,460535	28,114215	-0,817326	24,93	24,99	29,33	-23,553343	0	-15,740515	0	0	0,018525	0	0
24/08/2013	15:57	49	80	0,275	0,4	15	20	2	30	4	2	75,170139	75,629761	0	-3,031339	75,7067	78,6611	0	0,9716	0,5056	75,7067	0	37,2813	5,029234	44,387693	28,240855	-0,806026	24,99	25,05	29,33	-23,732922	0	-15,821246	0	0	0,018635	-3	0
24/08/2013	15:57	49,5	80	0,275	0,4	15	20	2	30	4	2	75,289389	75,737663	0,111418	0,033763	75,9223	75,7039	1	0,4312	-0,5404	75,9223	0	37,3125	5,871922	44,619483	28,367496	-0,809793	25,05	25,03	29,33	-23,777402	0	-15,900808	0	0	0,018744	0	0
24/08/2013	15:58	50	80	0,275	0,4	15	20	2	30	4	2	75,405694	75,8429	0	-0,3807	76,0516	76,2236	0	0,2586	-0,1726	76,0516	0	37,4063	5,047164	43,34464	28,367496	-0,764595	25,03	25,27	29,33	-23,842052	0	-15,979434	0	0	0,018854	0	0
24/08/2013	15:58	50,5	80	0,275	0,4	15	20	2	30	4	2	75,519128	75,94554	0,839981	0,25454	76,069	75,691	1	0,0348	-0,2238	76,069	4,517084	37,4609	5,047164	44,271798	28,114215	-0,809793	25,27	25,03	29,33	-23,977393	0	-16,057845	0	0	0,018996	0	0
24/08/2013	15:59	51	80	0,275	0,4	15	20	2	30	4	2	75,629761	76,045645	8,25	2,595045	75,7858	73,4506	1	-0,5664	-0,6012	75,7858	4,270698	37,5078	5,065093	44,967167	28,367496	-0,817326	25,03	24,99	29,33	-23,709152	0	-16,13213	0	0	0,019405	3	0
24/08/2013	15:59	51,5	80	0,275	0,4	15	20	2	30	4	2	75,737663	76,143278	2,849807	0,863578	75,6037	75,2797	1	-0,3642	0,2022	75,6037	4,311762	37,5469	5,029234	44,735377	28,240855	-0,79096	24,99	25,15	29,35	-23,681422	0	-16,204719	0	0	0,019619	1	0
24/08/2013	16:00	52	80	0,275	0,4	15	20	2	30	4	2	75,8429	76,238501	0	-1,459799	75,7555	77,6983	0	0,3036	0,6678	75,7555	0	37,625	5,065093	44,271798	28,367496	-0,828625	25,15	24,95	29,35	-23,694002	0	-16,276046	0	0	0,019729	-1	0
24/08/2013	16:00	52,5	80	0,275	0,4	15	20	2	30	4	2	75,94554	76,331372	0	-3,766028	76,3054	80,0974	0	1,0998	0,7962	76,3054	0	37,7031	5,100952	44,271798	28,240855	-0,813559	24,95	25,03	29,35	-24,032272	0	-16,349218	0	0	0,019838	-4	0
24/08/2013	16:01	53	80	0,275	0,4	15	20	2	30	4	2	76,045645	76,421951	1,786459	0,541351	76,5026	75,8806	1	0,3944	-0,7054	76,5026	4,434955	37,7578	5,047164	45,314851	28,367496	-0,80226	25,03	25,09	29,35	-24,067552	0	-16,421352	0	0	0,020015	1	0
24/08/2013	16:01	53,5	80	0,275	0,4	15	20	2	30	4	2	76,143278	76,510294	0	-2,510106	76,87	79,0204	0	0,7348	0,3404	76,87	0	37,7656	5,065093	44,040009	28,240855	-0,798493	25,09	25,09	29,33	-24,314572	0	-16,494437	0	0	0,020125	-3	0
24/08/2013	16:02	54	80	0,275	0,4	15	20	2	30	4	2	76,238501	76,596455	0,677011	0,205155	76,9801	76,3913	1	0,2202	-0,5146	76,9801	4,517084	37,8047	5,011305	43,692325	28,240855	-0,806026	25,09	25,07	29,35	-24,369622	0	-16,566686	0	0	0,02026	0	0
24/08/2013	16:02	54,5	80	0,275	0,4	15	20	2	30	4	2	76,331372	76,680489	0	-0,526111	77,0542	77,2066	0	0,1482	-0,072	77,0542	0	37,8438	5,065093	44,851272	28,367496	-0,79096	25,07	25,15	29,35	-24,343352	0	-16,637383	0	0	0,02037	-1	0
24/08/2013	16:03	55	80	0,275	0,4	15	20	2	30	4	2	76,421951	76,762448	2,088397	0,632848	76,9844	76,1296	1	-0,1396	-0,2878	76,9844	4,434955	37,8828	5,065093	44,735377	28,367496	-0,79096	25,15	25,15	29,35	-24,308452	0	-16,706492	0	0	0,020558	1	0
24/08/2013	16:04	55,5	80	0,275	0,4	15	20	2	30	4	2	76,510294	76,842383	8,226844	2,492983	76,6606	74,3494	1	-0,6476	-0,508	76,6606	4,147504	37,8828	5,083023	44,619483	28,367496	-0,768362	25,15	25,27	29,35	-24,146552	0	-16,772921	0	0	0,020958	2	0
24/08/2013	16:04	56	80	0,275	0,4	15	20	2	30	4	2	76,596455	76,920345	0	-0,221855	76,5702	77,1422	0	-0,1808	0,4668	76,5702	0	37,9375	5,047164	44,155904	28,367496	-0,787194	25,27	25,19	29,37	-24,101352	0	-16,837775	0	0	0,021067	0	0
24/08/2013	16:04	56,5	80	0,275	0,4	15	20	2	30	4	2	76,680489	76,996382	0	-1,434818	76,7368	78,4312	0	0,3332	0,514	76,7368	0	37,9609	5,047164	45,083062	28,367496	-0,787194	25,19	25,19	29,37	-24,184652	0	-16,902221	0	0	0,021177	-1	0
24/08/2013	16:05	57	80	0,275	0,4	15	20	2	30	4	2	76,762448	77,070541	0	-2,699759	77,1479	79,7703	0	0,8222	0,489	77,1479	0	37,9766	5,100952	44,735377	28,367496	-0,779661	25,19	25,23	29,37	-24,390202	0	-16,967334	0	0	0,021287	-3	0
24/08/2013	16:05	57,5	80	0,275	0,4	15	20	2	30	4	2	76,842383	77,14287	2,757711	0,83567	77,2372	76,3072	1	0,1786	-0,6436	77,2372	4,270698	38,0313	5,083023	45,430746	28,367496	-0,764595	25,23	25,31	29,37	-24,434852	0	-17,031709	0	0	0,021496	1	0
24/08/2013	16:06	58	80	0,275	0,4	15	20	2	30	4	2	76,920345	77,213413	0	-0,639487	77,3453	77,8529	0	0,2162	0,0376	77,3453	0	38,0313	5,083023	44,851272	28,367496	-0,775895	25,31	25,27	29,39	-24,488902	0	-17,095446	0	0	0,021606	-1	0
24/08/2013	16:06	58,5	80	0,275	0,4	15	20	2	30	4	2	76,996382	77,282214	0	-0,041986	77,391	77,3242	0	0,0914	-0,1248	77,391	0	38,0781	5,047164	45,662535	28,367496	-0,824859	25,27	25,01	29,39	-24,511752	0	-17,158296	0	0	0,021715	0	0
24/08/2013	16:07	59	80	0,275	0,4	15	20	2	30	4	2	77,070541	77,349316	1,249764	0,378716	77,3646	76,9706	1	-0,0528	-0,1442	77,3646	4,47602	38,125	5,029234	45,662535	28,367496	-0,794727	25,01	25,17	29,39	-24,498552	0	-17,219978	0	0	0,021873	0	0
24/08/2013	16:07	59,5	80	0,275	0,4	15	20	2	30	4	2	77,14287	77,414762	0,431844	0,130862	77,3439	77,2839	1	-0,0414	0,0114	77,3439	4,558148	38,1406	4,957516	45,546641	28,367496	-0,768362	25,17	25,31	29,39	-24,488202	0	-17,280547	0	0	0,021999	0	0
24/08/2013	16:08	60	80	0,275	0,4	15	20	2	30	4	2	77,213413	77,478592	0,105902	0,032092	77,3461	77,4465	1	0,0044	0,0458	77,3461	0,985546	38,1797	5,907781	44,967167	28,367496	-0,768362	25,31	25,31	29,39	-24,489302	0	-17,340123	0	0	0,022109	0	0
24/08/2013	16:09	60,5	80	0,275	0,4	15	20	2	30	4	2	77,282214	77,540845	5,65536	1,713745	77,1783	75,8271	1	-0,3356	-0,34	77,1783	4,270698	38,2656	5,065093	45,662535	28,367496	-0,753296	25,31	25,39	29,39	-24,405402	0	-17,398036	0	0	0,022424	2	0
24/08/2013	16:09	61	80	0,275	0,4	15	20	2	30	4	2	77,349316	77,601562	6,369205	1,930062	76,9363	75,6715	1	-0,484	-0,1484	76,9363	4,188569	38,3125	5,029234	44,503588	28,367496	-0,768362	25,39	25,33	29,41	-24,284402	0	-17,454022	0	0	0,022761	2	0
24/08/2013	16:09	61,5	80	0,275	0,4	15	20	2	30	4	2	77,414762	77,66078	0	-0,38032	76,9515	78,0411	0	0,0304	0,5144	76,9515	0	38,3281	5,083023	44,503588	28,367496	-0,783427	25,33	25,25	29,41	-24,292002	0	-17,509167	0	0	0,02287	0	0
24/08/2013	16:10	62	80	0,275	0,4	15	20	2	30	4	2	77,478592	77,718535	0	-3,448965	77,4267	81,1675	0	0,9504	0,92	77,4267	0	38,3359	5,011305	44,271798	28,367496	-0,749529	25,25	25,43	29,41	-24,529602	0	-17,565331	0	0	0,02298	-3	0
24/08/2013	16:10	62,5	80	0,275	0,4	15	20	2	30	4	2	77,540845	77,774865	3,311104	1,003365	77,5651	76,7715	1	0,2768	-0,6736	77,5651	4,311762	38,3672	5,083023	44,503588	28,367496	-0,749529	25,43	25,43	29,41	-24,598802	0	-17,621152	0	0	0,023211	1	0
24/08/2013	16:11	63	80	0,275	0,4	15	20	2	30	4	2	77,601562	77,829804	0	-3,297396	78,0224	81,1272	0	0,9146	0,6378	78,0224	0	38,4297	5,047164	46,01022	28,494137	-0,760829	25,43	25,37	29,41	-24,764132	0	-17,677396	0	0	0,02332	-3	0
24/08/2013	16:11	63,5	80	0,275	0,4	15	20	2	30	4	2	77,66078	77,883386	0,035594	0,010786	78,209	77,8726	1	0,3732	-0,5414	78,209	0	38,4688	5,853993	45,314851	28,367496	-0,768362	25,37	25,33	29,41	-24,920752	0	-17,733985	0	0	0,02343	0	0
24/08/2013	16:12	64	80	0,275	0,4	15	20	2	30	4	2	77,718535	77,935645	0	-0,139855	78,2771	78,0755	0	0,1362	-0,237	78,2771	0	38,5	5,047164	44,503588	28,367496	-0,760829	25,33	25,39	29,43	-24,954802	0	-17,78996	0	0	0,02354	0	0
24/08/2013	16:12	64,5	80	0,275	0,4	15	20	2	30	4	2	77,774865	77,986615	0	-0,440185	78,324	78,4268	0	0,0938	-0,0424	78,324	0	38,5469	5,065093	45,77843	28,494137	-0,798493	25,39	25,21	29,45	-24,914932	0	-17,844767	0	0	0,023649	0	0
24/08/2013	16:13	65	80	0,275	0,4	15	20	2	30	4	2	77,829804	78,036325	0	-0,330475	78,3496	78,3668	0	0,0512	-0,0426	78,3496	0	38,6094	5,047164	45,198956	28,620777	-0,723164	25,21	25,59	29,43	-24,864411	0	-17,898352	0	0	0,023759	0	0
24/08/2013	16:13	65,5	80	0,275	0,4	15	20	2	30	4	2	77,883386	78,084808	0,895648	0,271408	78,3014	77,8134	1	-0,0964	-0,1476	78,3014	4,517084	38,6719	5,029234	44,735377	28,494137	-0,772128	25,59	25,35	29,45	-24,903632	0	-17,951423	0	0	0,023903	0	0
24/08/2013	16:14	66	80	0,275	0,4	15	20	2	30	4	2	77,935645	78,132095	8,25	3,263995	77,8985	74,8681	1	-0,8058	-0,7094	77,8985	4,270698	38,6719	5,029234	45,546641	28,620777	-0,806026	25,35	25,17	29,45	-24,638861	0	-18,001704	0	0	0,024312	3	0
24/08/2013	16:14	66,5	80	0,275	0,4	15	20	2	30	4	2	77,986615	78,178213	0	-0,724387	77,831	78,9026	0	-0,135	0,6708	77,831	0	38,75	5,029234	45,662535	28,747418	-0,79096	25,17	25,25	29,45	-24,541791	0	-18,050511	0	0	0,024421	-1	0
24/08/2013	16:15	67	80	0,275	0,4	15	20	2	30	4	2	78,036325	78,223194	0	-0,269306	77,8745	78,4925	0	0,087	0,222	77,8745	0	38,7578	5,065093	44,619483	28,620777	-0,783427	25,25	25,29	29,45	-24,626861	0	-18,099225	0	0	0,024531	0	0
24/08/2013	16:15	67,5	80	0,275	0,4	15	20	2	30	4	2	78,084808	78,267063	0	-0,374837	77,9791	78,6419	0	0,2092	0,1222	77,9791	0	38,8281	5,083023	46,01022	28,874058	-0,768362	25,29	25,39	29,47	-24,552521	0	-18,146675	0	0	0,024641	0	0
24/08/2013	16:16	68	80	0,275	0,4	15	20	2	30	4	2	78,132095	78,309849	1,625743	0,492649	78,0076	77,8172	1	0,057	-0,1522	78,0076	4,434955	38,8203	5,047164	45,198956	28,874058	-0,768362	25,39	25,37	29,45	-24,566771	0	-18,193537	0	0	0,024811	0	0
24/08/2013	16:16	68,5	80	0,275	0,4	15	20	2	30	4	2	78,178213	78,351579	0,118402	0,035879	78,0545	78,3157	1	0,0938	0,0368	78,0545	2,392001	38,8672	5,871922	46,126114	28,874058	-0,813559	25,37	25,15	29,47	-24,590221	0	-18,23989	0	0	0,024923	0	0
24/08/2013	16:17	69	80	0,275	0,4	15	20	2	30	4	2	78,223194	78,392279	2,526741	0,765679	78,0278	77,6266	1	-0,0534	-0,1472	78,0278	4,352826	38,9141	5,047164	44,619483	28,874058	-0,768362	25,15	25,39	29,47	-24,576871	0	-18,28548	0	0	0,025126	1	0
24/08/2013	16:18	69,5	80	0,275	0,4	15	20	2	30	4	2	78,267063	78,431974	8,25	4,580474	77,5519	73,8515	1	-0,9518	-0,8984	77,5519	4,178303	38,9063	5,065093	44,619483	28,874058	-0,764595	25,39	25,43	29,49	-24,338921	0	-18,328719	0	0	0,025529	5	0
24/08/2013	16:18	70	80	0,275	0,4	15	20	2	30	4	2	78,309849	78,470689	0	-0,797611	77,5311	79,2683	0	-0,0416	0,9102	77,5311	0	38,9219	5,029234	44,735377	28,747418	-0,779661	25,43	25,37	29,51	-24,391841	0	-18,37172	0	0	0,025639	-1	0
24/08/2013	16:18	70,5	80	0,275	0,4	15	20	2	30	4	2	78,351579	78,508447	0	-0,095853	77,6411	78,6043	0	0,22	0,2616	77,6411	0	38,9609	5,047164	44,735377	28,874058	-0,772128	25,37	25,41	29,51	-24,383521	0	-18,414056	0	0	0,025748	0	0
24/08/2013	16:19	71	80	0,275	0,4	15	20	2	30	4	2	78,392279	78,545274	0	-2,677926	78,088	81,2232	0	0,8938	0,6738	78,088	0	38,9375	5,083023	46,126114	28,874058	-0,757062	25,41	25,49	29,51	-24,606971	0	-18,457363	0	0	0,025858	-3	0
24/08/2013	16:19	71,5	80	0,275	0,4	15	20	2	30	4	2	78,431974	78,581191	0,095671	0,028991	78,3382	78,5522	1	0,5004	-0,3934	78,3382	1,498851	38,9297	5,836063	45,77843	28,874058	-0,757062	25,49	25,51	29,53	-24,732071	0	-18,500938	0	0	0,025969	0	0
24/08/2013	16:20	72	80	0,275	0,4	15	20	2	30	4	2	78,470689	78,616222	0	-0,850578	78,5748	79,4668	0	0,4732	-0,0272	78,5748	0	38,9453	5,065093	44,967167	28,747418	-0,772128	25,51	25,41	29,51	-24,913691	0	-18,545164	0	0	0,026078	-1	0
24/08/2013	16:20	72,5	80	0,275	0,4	15	20	2	30	4	2	78,508447	78,650387	0,479778	0,145387	78,6722	78,505	1	0,1948	-0,2784	78,6722	4,558148	38,9688	4,957516	45,430746	28,874058	-0,749529	25,41	25,55	29,53	-24,899071	0	-18,588684	0	0	0,026206	0	0
24/08/2013	16:21	73	80	0,275	0,4	15	20	2	30	4	2	78,545274	78,683709	8,25	3,487209	78,3293	75,1965	1	-0,6858	-0,8806	78,3293	4,270698	39,0313	5,047164	44,735377	28,874058	-0,749529	25,55	25,57	29,55	-24,727621	0	-18,630445	0	0	0,026615	3	0
24/08/2013	16:21	73,5	80	0,275	0,4	15	20	2	30	4	2	78,581191	78,716209	1,199579	0,363509	78,1795	78,3527	1	-0,2996	0,3862	78,1795	4,434955	38,9922	5,029234	44,967167	28,874058	-0,772128	25,57	25,43	29,53	-24,652721	0	-18,671136	0	0	0,02677	0	0
24/08/2013	16:22	74	80	0,275	0,4	15	20	2	30	4	2	78,616222	78,747906	0	-0,030794	78,1795	78,7787	0	0	0,2996	78,1795	0	38,9922	5,029234	45,430746	28,874058	-0,798493	25,43	25,29	29,53	-24,652721	0	-18,711281	0	0	0,02688	0	0
24/08/2013	16:22	74,5	80	0,275	0,4	15	20	2	30	4	2	78,650387	78,77882	0	-3,82238	78,6708	82,6012	0	0,9826	0,9826	78,6708	0	39,0781	5,100952	45,198956	28,874058	-0,787194	25,29	25,37	29,55	-24,898371	0	-18,752528	0	0	0,026989	-4	0
24/08/2013	16:23	75	80	0,275	0,4	15	20	2	30	4	2	78,683709	78,808971	1,696104	0,513971	78,8474	78,295	1	0,3532	-0,6294	78,8474	4,434955	39,0703	5,083023	45,083062	28,874058	-0,745763	25,37	25,59	29,55	-24,986671	0	-18,793814	0	0	0,027163	1	0
24/08/2013	16:23	75,5	80	0,275	0,4	15	20	2	30	4	2	78,716209	78,838378	2,933956	0,889078	78,8261	77,9493	1	-0,0426	-0,3958	78,8261	4,352826	39,0859	5,011305	46,126114	28,874058	-0,749529	25,59	25,57	29,55	-24,976021	0	-18,834486	0	0	0,027381	1	0
24/08/2013	16:24	76	80	0,275	0,4	15	20	2	30	4	2	78,747906	78,867058	2,907162	0,880958	78,7233	77,9861	1	-0,2056	-0,163	78,7233	4,352826	39,0938	5,047164	46,357904	28,874058	-0,764595	25,57	25,49	29,55	-24,924621	0	-18,874291	0	0	0,027598	1	0
24/08/2013	16:25	76,5	80	0,275	0,4	15	20	2	30	4	2	78,77882	78,895031	6,634751	2,010531	78,4733	76,8845	1	-0,5	-0,2944	78,4733	4,270698	39,1016	5,100952	46,242009	28,874058	-0,772128	25,49	25,45	29,55	-24,799621	0	-18,912767	0	0	0,027949	2	0
24/08/2013	16:25	77	80	0,275	0,4	15	20	2	30	4	2	78,808971	78,922312	0	-2,871188	78,7311	81,7935	0	0,5156	1,0156	78,7311	0	39,1016	5,065093	46,01022	28,874058	-0,79096	25,45	25,37	29,57	-24,928521	0	-18,951579	0	0	0,028058	-3	0
24/08/2013	16:25	77,5	80	0,275	0,4	15	20	2	30	4	2	78,838378	78,948921	0	-0,319679	78,9054	79,2686	0	0,3486	-0,167	78,9054	0	39,0547	5,083023	45,77843	28,874058	-0,794727	25,37	25,35	29,57	-25,015671	0	-18,990451	0	0	0,028168	0	0
24/08/2013	16:26	78	80	0,275	0,4	15	20	2	30	4	2	78,867058	78,974872	0	-4,042928	79,4398	83,0178	0	1,0688	0,7202	79,4398	0	39,0469	5,047164	44,967167	28,874058	-0,79096	25,35	25,35	29,55	-25,282871	0	-19,03053	0	0	0,028277	-4	0
24/08/2013	16:26	78,5	80	0,275	0,4	15	20	2	30	4	2	78,895031	79,000182	0	-3,089118	79,9717	82,0893	0	1,0638	-0,005	79,9717	0	39,0391	5,047164	46,589694	28,874058	-0,753296	25,35	25,57	29,57	-25,548821	0	-19,071785	0	0	0,028387	-3	0
24/08/2013	16:27	79	80	0,275	0,4	15	20	2	30	4	2	78,922312	79,024868	1,196804	0,362668	80,0626	78,6622	1	0,1818	-0,882	80,0626	4,47602	39,0938	5,047164	45,314851	28,874058	-0,794727	25,57	25,35	29,57	-25,594271	0	-19,112807	0	0	0,028542	0	0
24/08/2013	16:27	79,5	80	0,275	0,4	15	20	2	30	4	2	78,948921	79,048944	0	-1,071256	80,1094	80,1202	0	0,0936	-0,0882	80,1094	0	39,1406	5,065093	46,473799	28,874058	-0,764595	25,35	25,53	29,59	-25,617671	0	-19,153462	0	0	0,028652	-1	0
24/08/2013	16:28	80	80	0,275	0,4	15	20	2	30	4	2	78,974872	79,072426	0	-0,378174	80,057	79,4506	0	-0,1048	-0,1984	80,057	0	39,125	5,029234	46,126114	28,747418	-0,753296	25,53	25,57	29,57	-25,654791	0	-19,193843	0	0	0,028761	0	0
24/08/2013	16:28	80,5	80	0,275	0,4	15	20	2	30	4	2	79,000182	79,095328	0	-0,839172	80,0201	79,9345	0	-0,0738	0,031	80,0201	0	39,125	5,065093	45,77843	28,874058	-0,772128	25,57	25,49	29,59	-25,573021	0	-19,233221	0	0	0,028871	-1	0
