Date		Heure	Vm		Vc		V. Moy.		T		Tu		t	Am		Ac		A. moy.		Tc		Tcf		Tf		RTC		Démarrage		55°C		F chauffe		FC		Ph1		Ph2		Ph3		Ph4		Cde TC		BITE		
17/03/2011	10:06	0,000000	3,000000	0,000000	0,000000	65,000000	0,000000	0,000000	1,000000	0,000000	0,000000	0,000000	0,000000	0,000000	0,000000	0,000000	0,000000	0,000000	0,000000	0,000000	0,000000	0,000000	0,000000	0,000000
17/03/2011	10:06	-Inf	3,000000	-Inf	17,380683	65,000000	0,000000	-Inf	1,000000	-Inf	0,000000	0,000000	0,000000	0,000000	1,000000	0,000000	0,000000	0,000000	0,000000	0,000000	0,000000	0,000000	0,000000	0,000000
17/03/2011	10:07	34,761366	3,000000	-0,000419	17,345480	65,000000	0,500000	69,535715	1,000000	1,121334	17,387175	18,339431	-Inf	8,250000	1,000000	0,000000	0,000000	0,000000	1,000000	0,000000	0,000000	0,000000	1,000000	0,000000
17/03/2011	10:07	-0,070407	3,000000	-0,002606	17,429339	65,000000	1,000000	-34,831773	1,000000	-0,002200	17,625239	18,577495	225,939641	8,250000	1,000000	0,000000	0,000000	0,000000	1,000000	0,000000	0,000000	0,000000	1,000000	1,000000
17/03/2011	10:08	0,167718	3,000000	0,002555	17,452194	65,000000	1,500000	0,238125	1,000000	0,005082	17,863303	18,815559	-52,375020	0,000000	1,000000	0,000000	0,000000	0,000000	1,000000	0,000000	0,000000	0,000000	1,000000	1,000000
17/03/2011	10:08	0,045711	3,000000	0,003825	17,423285	65,000000	2,000000	-0,122008	1,000000	0,001344	18,101367	19,053623	18,263882	8,250000	1,000000	0,000000	0,000000	0,000000	1,000000	0,000000	0,000000	0,000000	1,000000	1,000000
17/03/2011	10:09	-0,057818	3,000000	0,002063	17,428923	65,000000	2,500000	-0,103529	1,000000	-0,001652	18,339431	19,291688	17,270692	3,391759	1,000000	0,000000	0,000000	0,000000	1,000000	0,000000	0,000000	0,000000	1,000000	1,000000
17/03/2011	10:09	0,011275	3,000000	0,002319	17,462340	65,000000	3,000000	0,069092	1,000000	0,000313	18,577495	19,529752	17,106230	7,454896	1,000000	0,000000	0,000000	0,000000	1,000000	0,000000	0,000000	0,000000	1,000000	1,000000
17/03/2011	10:10	0,066835	3,000000	0,004063	17,539898	65,000000	3,500000	0,055560	1,000000	0,001806	18,815559	19,767816	17,623074	8,250000	1,000000	0,000000	0,000000	0,000000	1,000000	0,000000	0,000000	0,000000	1,000000	1,000000
17/03/2011	10:10	0,155116	3,000000	0,008038	17,577150	65,000000	4,000000	0,088280	1,000000	0,004082	19,053623	20,005880	17,784689	7,863258	1,000000	0,000000	0,000000	0,000000	1,000000	0,000000	0,000000	0,000000	1,000000	1,000000
17/03/2011	10:11	0,074503	3,000000	0,009742	17,698457	65,000000	4,500000	-0,080612	1,000000	0,001910	19,291688	20,243944	18,063942	8,115541	1,000000	0,000000	0,000000	0,000000	1,000000	0,000000	0,000000	0,000000	1,000000	1,000000
17/03/2011	10:11	0,242614	3,000000	0,015564	17,781469	65,000000	5,000000	0,168111	1,000000	0,006065	19,529752	20,482008	17,686239	7,979618	1,000000	0,000000	0,000000	0,000000	1,000000	0,000000	0,000000	0,000000	1,000000	1,000000
17/03/2011	10:12	0,166024	3,000000	0,019234	18,008133	65,000000	5,500000	-0,076590	1,000000	0,004049	19,767816	20,720072	18,602918	8,250000	1,000000	0,000000	0,000000	0,000000	1,000000	0,000000	0,000000	0,000000	1,000000	1,000000
17/03/2011	10:12	0,453329	3,000000	0,029569	18,289573	65,000000	6,000000	0,287304	1,000000	0,010794	20,005880	20,958136	18,187003	7,772221	1,000000	0,000000	0,000000	0,000000	1,000000	0,000000	0,000000	0,000000	1,000000	1,000000
17/03/2011	10:13	0,562879	3,000000	0,041972	18,661721	65,000000	6,500000	0,109551	1,000000	0,013090	20,243944	21,196201	19,770839	8,250000	1,000000	0,000000	0,000000	0,000000	1,000000	0,000000	0,000000	0,000000	1,000000	1,000000
17/03/2011	10:13	0,744296	3,000000	0,057934	19,126732	65,000000	7,000000	0,181417	1,000000	0,016916	20,482008	21,434265	20,006580	5,489305	1,000000	0,000000	0,000000	0,000000	1,000000	0,000000	0,000000	0,000000	1,000000	1,000000
17/03/2011	10:14	0,930022	3,000000	0,077314	19,721275	65,000000	7,500000	0,185726	1,000000	0,020667	20,720072	21,672329	20,978158	5,496970	1,000000	0,000000	0,000000	0,000000	1,000000	0,000000	0,000000	0,000000	1,000000	1,000000
17/03/2011	10:14	1,189087	3,000000	0,101483	20,470172	65,000000	8,000000	0,259065	1,000000	0,025850	20,958136	21,910393	21,952771	3,076375	1,000000	0,000000	0,000000	0,000000	1,000000	0,000000	0,000000	0,000000	1,000000	1,000000
17/03/2011	10:15	1,497794	3,000000	0,131191	21,492570	65,000000	8,500000	0,308708	1,000000	0,031868	21,196201	22,148457	23,366475	0,645765	1,000000	0,000000	0,000000	0,000000	1,000000	0,000000	0,000000	0,000000	0,000000	1,000000
17/03/2011	10:15	2,044795	3,000000	0,171058	22,602285	65,000000	9,000000	0,547001	1,000000	0,042600	21,434265	22,386521	25,105575	0,000000	1,000000	0,000000	0,000000	0,000000	1,000000	0,000000	0,000000	0,000000	0,000000	1,000000
17/03/2011	10:16	2,219430	3,000000	0,212862	24,155737	65,000000	9,500000	0,174635	1,000000	0,045294	22,148457	29,916124	27,785876	8,250000	1,000000	0,000000	0,000000	0,000000	0,000000	1,000000	0,000000	0,000000	0,000000	1,000000
17/03/2011	10:16	3,106904	3,000000	0,270742	25,844486	65,000000	10,000000	0,887474	1,000000	0,062138	22,148457	29,916124	28,943867	7,029817	1,000000	0,000000	0,000000	0,000000	0,000000	1,000000	0,000000	0,000000	0,000000	1,000000
17/03/2011	10:17	3,377498	3,000000	0,331659	27,409525	65,000000	10,500000	0,270594	1,000000	0,066225	22,148457	29,916124	33,833242	3,208450	1,000000	0,000000	0,000000	0,000000	0,000000	1,000000	0,000000	0,000000	0,000000	1,000000
17/03/2011	10:17	3,130078	3,000000	0,385475	29,065853	65,000000	11,000000	-0,247419	1,000000	0,060194	24,238351	31,627185	34,705708	0,000000	1,000000	0,000000	0,000000	0,000000	0,000000	1,000000	0,000000	0,000000	0,000000	1,000000
17/03/2011	10:18	3,312657	3,000000	0,440705	30,411711	65,000000	11,500000	0,182579	1,000000	0,062503	26,226321	33,254796	34,831171	0,000000	1,000000	0,000000	0,000000	0,000000	0,000000	1,000000	0,000000	0,000000	0,000000	1,000000
17/03/2011	10:18	2,691715	3,000000	0,482390	31,734997	65,000000	12,000000	-0,620942	1,000000	0,049847	28,117335	34,803028	37,402182	0,000000	1,000000	0,000000	0,000000	0,000000	0,000000	1,000000	0,000000	0,000000	0,000000	1,000000
17/03/2011	10:19	2,646573	3,000000	0,521739	33,143793	65,000000	12,500000	-0,045142	1,000000	0,048120	29,916124	36,275752	35,876542	0,000000	1,000000	0,000000	0,000000	0,000000	0,000000	1,000000	0,000000	0,000000	0,000000	1,000000
17/03/2011	10:19	2,817591	3,000000	0,562736	34,310003	65,000000	13,000000	0,171018	1,000000	0,050314	31,627185	37,676650	38,346655	5,940355	1,000000	0,000000	0,000000	0,000000	0,000000	1,000000	0,000000	0,000000	0,000000	1,000000
17/03/2011	10:20	2,332421	3,000000	0,593783	35,481408	65,000000	13,500000	-0,485170	1,000000	0,040920	33,254796	39,009225	40,287222	2,186481	1,000000	0,000000	0,000000	0,000000	0,000000	1,000000	0,000000	0,000000	0,000000	1,000000
17/03/2011	10:20	2,342810	3,000000	0,623939	36,384894	65,000000	14,000000	0,010389	1,000000	0,040393	34,803028	40,276810	39,175909	0,000000	1,000000	0,000000	0,000000	0,000000	0,000000	1,000000	0,000000	0,000000	0,000000	1,000000
17/03/2011	10:21	1,806972	3,000000	0,643990	37,133796	65,000000	14,500000	-0,535837	1,000000	0,030627	36,275752	41,482575	41,091291	7,611997	1,000000	0,000000	0,000000	0,000000	0,000000	1,000000	0,000000	0,000000	0,000000	1,000000
17/03/2011	10:21	1,497804	3,000000	0,658221	37,994680	65,000000	15,000000	-0,309168	1,000000	0,024963	37,676650	42,629533	39,676066	5,076199	1,000000	0,000000	0,000000	0,000000	0,000000	1,000000	0,000000	0,000000	0,000000	1,000000
17/03/2011	10:22	1,721768	3,000000	0,675656	38,650561	65,000000	15,500000	0,223964	1,000000	0,028226	39,009225	43,720554	40,371952	8,250000	1,000000	0,000000	0,000000	0,000000	0,000000	1,000000	0,000000	0,000000	1,000000	1,000000
17/03/2011	10:22	1,311762	3,000000	0,685916	39,194458	65,000000	16,000000	-0,410006	1,000000	0,021157	40,276810	44,758364	42,542025	8,250000	1,000000	0,000000	0,000000	0,000000	0,000000	1,000000	0,000000	0,000000	1,000000	1,000000
17/03/2011	10:23	1,087795	3,000000	0,692295	39,936978	65,000000	16,500000	-0,223967	1,000000	0,017267	41,482575	45,745561	40,997970	8,250000	1,000000	0,000000	0,000000	0,000000	0,000000	1,000000	0,000000	0,000000	1,000000	1,000000
17/03/2011	10:23	1,485040	3,000000	0,704681	40,644113	65,000000	17,000000	0,397245	1,000000	0,023204	42,629533	46,684611	41,664633	8,250000	1,000000	0,000000	0,000000	0,000000	0,000000	1,000000	0,000000	0,000000	1,000000	1,000000
17/03/2011	10:24	1,414270	3,000000	0,715598	41,324349	65,000000	17,500000	-0,070770	1,000000	0,021758	43,720554	47,577863	44,408684	8,250000	1,000000	0,000000	0,000000	0,000000	0,000000	1,000000	0,000000	0,000000	1,000000	1,000000
17/03/2011	10:24	1,360473	3,000000	0,725369	43,424868	65,000000	18,000000	-0,053797	1,000000	0,020613	44,758364	48,427550	44,011348	8,250000	1,000000	0,000000	0,000000	0,000000	0,000000	1,000000	0,000000	0,000000	1,000000	1,000000
17/03/2011	10:25	4,201038	3,000000	0,777245	48,960739	65,000000	18,500000	2,840565	1,000000	0,062702	45,745561	49,235798	46,038219	8,250000	1,000000	0,000000	0,000000	0,000000	0,000000	1,000000	0,000000	0,000000	0,000000	1,000000
17/03/2011	10:25	11,071741	3,000000	0,928634	56,054169	65,000000	19,000000	6,870703	1,000000	0,162820	46,684611	50,004628	63,043945	8,250000	1,000000	1,000000	0,000000	0,000000	0,000000	1,000000	0,000000	0,000000	0,000000	1,000000
17/03/2011	10:26	14,186860	3,000000	1,120782	61,770181	65,000000	19,500000	3,115120	1,000000	0,205607	47,577863	50,735960	91,939055	0,000000	1,000000	1,000000	0,000000	0,000000	0,000000	1,000000	0,000000	0,000000	0,000000	1,000000
17/03/2011	10:26	11,432025	3,000000	1,268086	64,735117	65,000000	20,000000	-2,754835	1,000000	0,163315	48,427550	51,431626	96,374141	0,000000	1,000000	1,000000	0,000000	0,000000	0,000000	1,000000	0,000000	0,000000	0,000000	1,000000
17/03/2011	10:27	5,929871	3,000000	1,333745	66,246120	65,000000	20,500000	-5,502155	1,000000	0,083519	49,235798	52,093363	82,089497	0,000000	1,000000	1,000000	0,000000	0,000000	0,000000	0,000000	1,000000	0,000000	0,000000	1,000000
17/03/2011	10:27	3,022007	3,000000	1,357193	66,942378	65,000000	21,000000	-2,907864	1,000000	0,041972	50,004628	52,722827	67,101552	0,000000	1,000000	1,000000	0,000000	0,000000	0,000000	0,000000	1,000000	0,000000	0,000000	1,000000
17/03/2011	10:28	1,392515	3,000000	1,357677	67,377499	65,000000	21,500000	-1,629492	1,000000	0,019076	50,735960	53,321592	67,170664	0,000000	1,000000	1,000000	0,000000	0,000000	0,000000	0,000000	1,000000	0,000000	0,000000	1,000000
17/03/2011	10:28	0,870243	3,000000	1,351090	67,211718	65,000000	22,000000	-0,522272	1,000000	0,011760	51,431626	53,891155	66,903546	0,000000	1,000000	1,000000	0,000000	0,000000	0,000000	0,000000	1,000000	0,000000	0,000000	1,000000
17/03/2011	10:29	-0,331562	3,000000	1,328654	66,999833	65,000000	22,500000	-1,201806	1,000000	-0,004421	52,093363	54,432940	67,907662	0,000000	1,000000	1,000000	0,000000	0,000000	0,000000	0,000000	1,000000	0,000000	0,000000	1,000000
17/03/2011	10:29	-0,423771	3,000000	1,305596	66,603330	65,000000	23,000000	-0,092209	1,000000	-0,005576	52,722827	54,948301	63,933096	0,000000	1,000000	1,000000	0,000000	0,000000	0,000000	0,000000	1,000000	0,000000	0,000000	1,000000
17/03/2011	10:30	-0,793005	3,000000	1,278342	66,372098	65,000000	23,500000	-0,369234	1,000000	-0,010299	53,321592	55,438528	65,571370	0,000000	1,000000	1,000000	0,000000	0,000000	0,000000	0,000000	1,000000	0,000000	0,000000	1,000000
17/03/2011	10:30	-0,462464	3,000000	1,256024	66,304174	65,000000	24,000000	0,330542	1,000000	-0,005929	53,891155	55,904847	64,047620	0,000000	1,000000	1,000000	0,000000	0,000000	0,000000	0,000000	1,000000	0,000000	0,000000	1,000000
17/03/2011	10:31	-0,135849	3,000000	1,238405	66,246612	65,000000	24,500000	0,326614	1,000000	-0,001720	54,432940	56,348423	66,040329	0,000000	1,000000	1,000000	0,000000	0,000000	0,000000	0,000000	1,000000	0,000000	0,000000	1,000000
17/03/2011	10:31	-0,115124	3,000000	1,221486	66,288332	65,000000	25,000000	0,020725	1,000000	-0,001439	54,948301	56,770365	66,628142	0,000000	1,000000	1,000000	0,000000	0,000000	0,000000	0,000000	1,000000	0,000000	0,000000	1,000000
17/03/2011	10:32	0,083441	3,000000	1,207436	66,692834	65,000000	25,500000	0,198565	1,000000	0,001030	55,438528	57,171729	66,099536	0,000000	1,000000	1,000000	0,000000	0,000000	0,000000	0,000000	1,000000	0,000000	0,000000	1,000000
17/03/2011	10:32	0,809003	3,000000	1,202577	67,140125	65,000000	26,000000	0,725562	1,000000	0,009866	55,904847	57,553518	67,256845	0,000000	1,000000	1,000000	0,000000	0,000000	0,000000	0,000000	1,000000	0,000000	0,000000	1,000000
17/03/2011	10:33	0,894583	3,000000	1,198866	67,620282	65,000000	26,500000	0,085581	1,000000	0,010778	56,348423	57,916688	70,209255	0,000000	1,000000	1,000000	0,000000	0,000000	0,000000	0,000000	1,000000	0,000000	0,000000	1,000000
17/03/2011	10:33	0,960313	3,000000	1,196026	67,812082	65,000000	27,000000	0,065730	1,000000	0,011432	56,770365	58,262145	69,580610	0,000000	1,000000	1,000000	0,000000	0,000000	0,000000	0,000000	1,000000	0,000000	0,000000	1,000000
17/03/2011	10:34	0,383600	3,000000	1,186468	67,746382	65,000000	27,500000	-0,576713	1,000000	0,004513	57,171729	58,590754	69,864167	0,000000	1,000000	1,000000	0,000000	0,000000	0,000000	0,000000	1,000000	0,000000	0,000000	1,000000
17/03/2011	10:34	-0,131400	3,000000	1,171144	67,613857	65,000000	28,000000	-0,515000	1,000000	-0,001528	57,553518	58,903337	67,360157	0,000000	1,000000	1,000000	0,000000	0,000000	0,000000	0,000000	1,000000	0,000000	0,000000	1,000000
17/03/2011	10:35	-0,265050	3,000000	1,154636	67,295226	65,000000	28,500000	-0,133650	1,000000	-0,003047	57,916688	59,200674	66,321056	0,000000	1,000000	1,000000	0,000000	0,000000	0,000000	0,000000	1,000000	0,000000	0,000000	1,000000
17/03/2011	10:35	-0,637262	3,000000	1,134274	66,970972	65,000000	29,000000	-0,372212	1,000000	-0,007242	0,000000	0,000000	66,497824	0,000000	0,000000	1,000000	1,000000	0,000000	0,000000	0,000000	0,000000	0,000000	0,000000	0,000000
