Date	heure	t	Tu	I	G	tm	tau	ta	p	Vc	Ac	Tc	Tcf	Dich	e	T	Tf	Ach	Vm	Am	T 1051	Ieff	Ambient	5V	T1	T2	E	T surf	T IR	T IRa	Fth	Fthc	Fthmoy	Fthmin	Ebullition	C(€)	e1	e2	
15/02/2016	14:14	0,000000	80,000000	0,275000	0,400000	15,000000	20,000000	2,000000	30,000000	4,000000	2,000000	15,585100	21,714988	8,250000	68,810488	15,547300	-47,095500	1,000000	-0,075600	-31,245800	15,547300	9,229224	19,843800	5,118882	15,645793	16,716560	-0,500942	0,000000	17,530000	20,190000	0,584630	0,000000	0,584630	0,000000	0,000000	0,000757	69,000000	0,000000
15/02/2016	14:15	0,500000	80,000000	0,275000	0,400000	15,000000	20,000000	2,000000	30,000000	4,000000	2,000000	17,175510	23,154050	8,250000	6,764350	15,624100	16,389700	1,000000	0,153600	0,229200	15,624100	9,177893	19,882800	5,136811	15,761687	16,716560	-0,478343	17,530000	17,650000	20,190000	0,546230	0,000000	0,565430	0,000000	0,000000	0,001510	7,000000	0,000000
15/02/2016	14:15	1,000000	80,000000	0,275000	0,400000	15,000000	20,000000	2,000000	30,000000	4,000000	2,000000	18,726652	24,557582	8,250000	9,780682	15,564100	14,776900	1,000000	-0,120000	-0,273600	15,564100	9,208692	19,898400	5,136811	15,761687	17,096482	-0,500942	17,650000	17,550000	20,210000	0,766191	0,000000	0,632350	0,000000	0,000000	0,002265	10,000000	0,000000
15/02/2016	14:16	1,500000	80,000000	0,275000	0,400000	15,000000	20,000000	2,000000	30,000000	4,000000	2,000000	20,239496	25,926460	8,250000	10,320360	15,542100	15,606100	1,000000	-0,044000	0,076000	15,542100	8,952039	19,914100	5,118882	15,761687	17,096482	-0,508475	17,550000	17,510000	20,210000	0,777191	0,000000	0,668560	0,000000	0,000000	0,003002	10,000000	0,000000
15/02/2016	14:16	2,000000	80,000000	0,275000	0,400000	15,000000	20,000000	2,000000	30,000000	4,000000	2,000000	21,714988	27,261540	8,250000	12,442340	15,452000	14,819200	1,000000	-0,180200	-0,136200	15,452000	9,126563	19,937500	5,118882	15,761687	16,716560	-0,512241	17,510000	17,490000	20,210000	0,632280	0,000000	0,661304	0,000000	0,000000	0,003751	12,000000	0,000000
15/02/2016	14:17	2,500000	80,000000	0,275000	0,400000	15,000000	20,000000	2,000000	30,000000	4,000000	2,000000	23,154050	28,563658	8,250000	11,776558	15,560300	16,787100	1,000000	0,216600	0,396800	15,560300	9,034168	20,007800	5,136811	15,761687	17,096482	-0,527307	17,490000	17,450000	20,250000	0,768091	0,000000	0,679102	0,000000	0,000000	0,004494	12,000000	0,000000
15/02/2016	14:17	3,000000	80,000000	0,275000	0,400000	15,000000	20,000000	2,000000	30,000000	4,000000	2,000000	24,557582	29,833625	8,250000	14,566125	15,575900	15,267500	1,000000	0,031200	-0,185400	15,575900	9,177893	20,023400	5,083023	15,761687	16,969841	-0,512241	17,450000	17,510000	20,230000	0,696971	0,000000	0,681655	0,000000	0,000000	0,005247	15,000000	0,000000
15/02/2016	14:18	3,500000	80,000000	0,275000	0,400000	15,000000	20,000000	2,000000	30,000000	4,000000	2,000000	25,926460	31,072238	8,250000	15,888138	15,539300	15,184100	1,000000	-0,073200	-0,104400	15,539300	9,208692	20,062500	5,118882	15,645793	16,843201	-0,512241	17,510000	17,510000	20,230000	0,651950	0,000000	0,677942	0,000000	0,000000	0,006002	16,000000	0,000000
15/02/2016	14:18	4,000000	80,000000	0,275000	0,400000	15,000000	20,000000	2,000000	30,000000	4,000000	2,000000	27,261540	32,280268	8,250000	15,643268	15,645000	16,637000	1,000000	0,211400	0,284600	15,645000	9,208692	20,054700	5,083023	15,761687	17,096482	-0,470810	17,510000	17,750000	20,250000	0,725741	0,000000	0,683253	0,000000	0,000000	0,006757	16,000000	0,000000
15/02/2016	14:19	4,500000	80,000000	0,275000	0,400000	15,000000	20,000000	2,000000	30,000000	4,000000	2,000000	28,563658	33,458473	8,250000	16,807073	15,803800	16,651400	1,000000	0,317600	0,106200	15,803800	9,208692	20,062500	5,136811	15,761687	17,223123	-0,553672	17,750000	17,330000	20,270000	0,709661	0,000000	0,685894	0,000000	0,000000	0,007512	17,000000	0,000000
15/02/2016	14:19	5,000000	80,000000	0,275000	0,400000	15,000000	20,000000	2,000000	30,000000	4,000000	2,000000	29,833625	34,607587	8,250000	18,959287	15,857100	15,648300	1,000000	0,106600	-0,211000	15,857100	9,034168	20,078100	5,100952	15,761687	17,223123	-0,519774	17,330000	17,530000	20,290000	0,683011	0,000000	0,685632	0,000000	0,000000	0,008255	19,000000	0,000000
15/02/2016	14:20	5,500000	80,000000	0,275000	0,400000	15,000000	20,000000	2,000000	30,000000	4,000000	2,000000	31,072238	35,728330	8,250000	19,943130	15,872800	15,785200	1,000000	0,031400	-0,075200	15,872800	9,044434	20,093800	5,136811	15,761687	17,223123	-0,519774	17,530000	17,510000	20,270000	0,675161	0,000000	0,684759	0,000000	0,000000	0,008999	20,000000	0,000000
15/02/2016	14:20	6,000000	80,000000	0,275000	0,400000	15,000000	20,000000	2,000000	30,000000	4,000000	2,000000	32,280268	36,821401	8,250000	15,137101	16,525500	21,684300	1,000000	1,305400	1,274000	16,525500	8,756983	20,179700	5,083023	15,761687	17,223123	-0,519774	17,510000	17,530000	20,290000	0,348811	0,000000	0,658917	0,000000	0,000000	0,009722	15,000000	0,000000
15/02/2016	14:21	6,500000	80,000000	0,275000	0,400000	15,000000	20,000000	2,000000	30,000000	4,000000	2,000000	33,458473	37,887485	8,250000	20,563585	16,904300	17,323900	1,000000	0,757600	-0,547800	16,904300	9,023902	20,218800	5,100952	15,761687	17,223123	-0,504708	17,530000	17,590000	20,270000	0,159411	0,000000	0,623238	0,000000	0,000000	0,010465	21,000000	0,000000
15/02/2016	14:21	7,000000	80,000000	0,275000	0,400000	15,000000	20,000000	2,000000	30,000000	4,000000	2,000000	34,607587	38,927246	8,250000	17,455046	17,580200	21,472200	1,000000	1,351800	0,594200	17,580200	9,044434	20,304700	5,100952	15,761687	17,223123	-0,504708	17,590000	17,610000	20,290000	-0,178539	0,000000	0,569786	0,000000	0,000000	0,011208	17,000000	0,000000
15/02/2016	14:22	7,500000	80,000000	0,275000	0,400000	15,000000	20,000000	2,000000	30,000000	4,000000	2,000000	35,728330	39,941336	8,250000	16,297836	18,554300	23,643500	1,000000	1,948200	0,596400	18,554300	8,880177	20,382800	5,100952	15,761687	17,223123	-0,523540	17,610000	17,530000	20,310000	-0,665589	0,000000	0,492575	0,000000	0,000000	0,011940	16,000000	0,000000
15/02/2016	14:22	8,000000	80,000000	0,275000	0,400000	15,000000	20,000000	2,000000	30,000000	4,000000	2,000000	36,821401	40,930388	8,250000	16,365288	19,655100	24,565100	1,000000	2,201600	0,253400	19,655100	9,003370	20,539100	5,083023	15,761687	17,096482	-0,508475	17,530000	17,610000	20,310000	-1,279309	0,000000	0,388347	0,000000	0,000000	0,012681	16,000000	0,000000
15/02/2016	14:23	8,500000	80,000000	0,275000	0,400000	15,000000	20,000000	2,000000	30,000000	4,000000	2,000000	37,887485	41,895020	8,250000	15,155520	20,931500	26,739500	1,000000	2,552800	0,351200	20,931500	8,839112	20,757800	5,100952	15,761687	17,223123	-0,500942	17,610000	17,650000	20,310000	-1,854189	0,000000	0,263761	0,000000	0,000000	0,013410	15,000000	0,000000
15/02/2016	14:23	9,000000	80,000000	0,275000	0,400000	15,000000	20,000000	2,000000	30,000000	4,000000	2,000000	38,927246	42,835836	8,250000	10,917036	22,719600	31,918800	0,000000	3,576200	1,023400	22,719600	0,000000	20,984400	5,118882	15,761687	17,223123	-0,512241	17,650000	17,590000	20,310000	-2,748239	0,000000	0,105235	0,000000	0,000000	0,013520	11,000000	0,000000
15/02/2016	14:24	9,500000	80,000000	0,275000	0,400000	15,000000	20,000000	2,000000	30,000000	4,000000	2,000000	39,941336	43,753422	8,250000	12,561322	24,455700	31,192100	1,000000	3,472200	-0,104000	24,455700	8,921241	21,265600	5,083023	15,761687	17,223123	-0,523540	17,590000	17,550000	20,330000	-3,616289	0,000000	-0,080841	0,000000	0,000000	0,014255	13,000000	0,000000
15/02/2016	14:24	10,000000	80,000000	0,275000	0,400000	15,000000	20,000000	2,000000	30,000000	4,000000	2,000000	40,930388	44,648353	8,250000	5,729653	26,834300	38,918700	0,000000	4,757200	1,285000	26,834300	0,000000	21,546900	5,100952	15,761687	17,223123	-0,474576	17,550000	17,810000	20,330000	-4,805589	0,000000	-0,305829	0,000000	0,000000	0,014365	6,000000	0,000000
15/02/2016	14:25	10,500000	80,000000	0,275000	0,400000	15,000000	20,000000	2,000000	30,000000	4,000000	2,000000	41,895020	45,521189	8,250000	7,120589	29,176600	38,400600	0,000000	4,684600	-0,072600	29,176600	0,000000	22,039100	5,136811	15,761687	17,223123	-0,451977	17,810000	17,930000	20,330000	-5,976739	0,000000	-0,563598	0,000000	0,000000	0,014474	7,000000	0,000000
15/02/2016	14:25	11,000000	80,000000	0,275000	0,400000	15,000000	20,000000	2,000000	30,000000	4,000000	2,000000	42,835836	46,372473	8,250000	2,904973	31,805500	43,467500	0,000000	5,257800	0,573200	31,805500	0,000000	22,484400	5,118882	15,761687	17,223123	-0,519774	17,930000	17,590000	20,350000	-7,291189	0,000000	-0,856102	0,000000	0,000000	0,014584	3,000000	0,000000
15/02/2016	14:26	11,500000	80,000000	0,275000	0,400000	15,000000	20,000000	2,000000	30,000000	4,000000	2,000000	43,753422	47,202740	8,250000	4,110340	34,228000	43,092400	0,000000	4,845000	-0,412800	34,228000	0,000000	23,015600	5,100952	15,761687	17,223123	-0,493409	17,590000	17,710000	20,330000	-8,502439	0,000000	-1,174699	0,000000	0,000000	0,014693	4,000000	0,000000
15/02/2016	14:26	12,000000	80,000000	0,275000	0,400000	15,000000	20,000000	2,000000	30,000000	4,000000	2,000000	44,648353	48,012507	8,250000	7,205207	36,035700	40,807300	1,000000	3,615400	-1,229600	36,035700	9,085498	23,570300	5,136811	15,761687	17,223123	-0,500942	17,710000	17,710000	20,370000	-9,406289	0,000000	-1,503963	0,000000	0,000000	0,015440	7,000000	0,000000
15/02/2016	14:27	12,500000	80,000000	0,275000	0,400000	15,000000	20,000000	2,000000	30,000000	4,000000	2,000000	45,521189	48,802281	8,250000	4,349081	37,774400	44,453200	1,000000	3,477400	-0,138000	37,774400	9,044434	24,132800	5,100952	15,761687	17,223123	-0,451977	17,710000	17,970000	20,370000	-10,275639	0,000000	-1,841335	0,000000	0,000000	0,016184	4,000000	0,000000
15/02/2016	14:27	13,000000	80,000000	0,275000	0,400000	15,000000	20,000000	2,000000	30,000000	4,000000	2,000000	46,372473	49,572556	8,250000	5,910856	39,201300	43,661700	1,000000	2,853800	-0,623600	39,201300	9,003370	24,726600	5,100952	15,761687	17,223123	-0,482109	17,970000	17,830000	20,390000	-10,989089	0,000000	-2,180140	0,000000	0,000000	0,016924	6,000000	0,000000
15/02/2016	14:28	13,500000	80,000000	0,275000	0,400000	15,000000	20,000000	2,000000	30,000000	4,000000	2,000000	47,202740	50,323812	8,250000	3,988912	40,628100	46,334900	1,000000	2,853600	-0,000200	40,628100	9,044434	25,312500	5,065093	15,761687	17,223123	-0,429379	17,830000	18,130000	20,410000	-11,702489	0,000000	-2,520224	0,000000	0,000000	0,017668	4,000000	0,000000
15/02/2016	14:28	14,000000	80,000000	0,275000	0,400000	15,000000	20,000000	2,000000	30,000000	4,000000	2,000000	48,012507	51,056520	8,250000	5,313120	41,830600	45,743400	1,000000	2,405000	-0,448600	41,830600	8,839112	25,851600	5,136811	15,761687	17,223123	-0,467043	18,130000	17,930000	20,410000	-12,303739	0,000000	-2,857587	0,000000	0,000000	0,018397	5,000000	0,000000
15/02/2016	14:29	14,500000	80,000000	0,275000	0,400000	15,000000	20,000000	2,000000	30,000000	4,000000	2,000000	48,802281	51,771137	1,130041	0,342437	43,431500	51,428700	0,000000	3,201800	0,796800	43,431500	0,000000	26,468800	5,100952	15,761687	17,223123	-0,485876	17,930000	17,850000	20,430000	-13,104189	0,000000	-3,199140	0,000000	0,000000	0,018507	0,000000	0,000000
15/02/2016	14:29	15,000000	80,000000	0,275000	0,400000	15,000000	20,000000	2,000000	30,000000	4,000000	2,000000	49,572556	52,468110	8,250000	2,725910	44,844200	49,742200	1,000000	2,825400	-0,376400	44,844200	9,085498	27,046900	5,100952	15,761687	17,223123	-0,440678	17,850000	18,070000	20,410000	-13,810539	0,000000	-3,541443	0,000000	0,000000	0,019253	3,000000	0,000000
15/02/2016	14:30	15,500000	80,000000	0,275000	0,400000	15,000000	20,000000	2,000000	30,000000	4,000000	2,000000	50,323812	53,147875	0,000000	-1,149325	46,522400	54,297200	0,000000	3,356400	0,531000	46,522400	0,000000	27,656300	5,118882	15,761687	17,349763	-0,433145	18,070000	18,130000	20,430000	-14,586318	0,000000	-3,886596	0,000000	0,000000	0,019363	-1,000000	0,000000
15/02/2016	14:30	16,000000	80,000000	0,275000	0,400000	15,000000	20,000000	2,000000	30,000000	4,000000	2,000000	51,056520	53,810856	4,080635	1,236556	47,940700	52,574300	1,000000	2,836600	-0,519800	47,940700	9,034168	28,250000	5,083023	15,761687	17,223123	-0,451977	18,130000	18,030000	20,430000	-15,358789	0,000000	-4,234238	0,000000	0,000000	0,019786	1,000000	0,000000
15/02/2016	14:31	16,500000	80,000000	0,275000	0,400000	15,000000	20,000000	2,000000	30,000000	4,000000	2,000000	51,771137	54,457468	0,000000	-1,713232	49,485500	56,170700	0,000000	3,089600	0,253000	49,485500	0,000000	28,875000	5,100952	15,761687	17,223123	-0,467043	18,030000	17,950000	20,430000	-16,131189	0,000000	-4,584148	0,000000	0,000000	0,019895	-2,000000	0,000000
15/02/2016	14:31	17,000000	80,000000	0,275000	0,400000	15,000000	20,000000	2,000000	30,000000	4,000000	2,000000	52,468110	55,088116	2,069812	0,627216	50,724900	54,460900	1,000000	2,478800	-0,610800	50,724900	9,188159	29,500000	5,118882	15,761687	17,223123	-0,451977	17,950000	18,050000	20,450000	-16,750889	0,000000	-4,931769	0,000000	0,000000	0,020166	1,000000	0,000000
15/02/2016	14:32	17,500000	80,000000	0,275000	0,400000	15,000000	20,000000	2,000000	30,000000	4,000000	2,000000	53,147875	55,703192	0,000000	-0,550908	51,890100	56,254100	0,000000	2,330400	-0,148400	51,890100	0,000000	30,109400	5,100952	15,761687	17,223123	-0,451977	18,050000	18,050000	20,450000	-17,333489	0,000000	-5,276262	0,000000	0,000000	0,020276	-1,000000	0,000000
15/02/2016	14:32	18,000000	80,000000	0,275000	0,400000	15,000000	20,000000	2,000000	30,000000	4,000000	2,000000	53,810856	56,303083	8,250000	2,659483	52,602800	53,643600	1,000000	1,425400	-0,905000	52,602800	8,839112	30,640600	5,100952	15,761687	17,223123	-0,463277	18,050000	17,990000	20,450000	-17,689839	0,000000	-5,611764	0,000000	0,000000	0,021005	3,000000	0,000000
15/02/2016	14:33	18,500000	80,000000	0,275000	0,400000	15,000000	20,000000	2,000000	30,000000	4,000000	2,000000	54,457468	56,888162	0,000000	-1,273438	53,537200	58,161600	0,000000	1,868800	0,443400	53,537200	0,000000	31,132800	5,100952	15,761687	17,476404	-0,387947	17,990000	18,410000	20,470000	-18,030398	0,000000	-5,938570	0,000000	0,000000	0,021115	-1,000000	0,000000
15/02/2016	14:33	19,000000	80,000000	0,275000	0,400000	15,000000	20,000000	2,000000	30,000000	4,000000	2,000000	55,088116	57,458795	7,241503	2,194395	54,144400	55,264400	1,000000	1,214400	-0,654400	54,144400	9,126563	31,632800	5,118882	15,877582	17,476404	-0,361582	18,410000	18,510000	20,430000	-18,333998	0,000000	-6,256401	0,000000	0,000000	0,021786	2,000000	0,000000
15/02/2016	14:34	19,500000	80,000000	0,275000	0,400000	15,000000	20,000000	2,000000	30,000000	4,000000	2,000000	55,703192	58,015339	0,000000	-0,988461	54,954200	59,003800	0,000000	1,619600	0,405200	54,954200	0,000000	32,093800	5,118882	15,761687	17,349763	-0,433145	18,510000	18,170000	20,470000	-18,802218	0,000000	-6,570047	0,000000	0,000000	0,021896	-1,000000	0,000000
15/02/2016	14:34	20,000000	80,000000	0,275000	0,400000	15,000000	20,000000	2,000000	30,000000	4,000000	2,000000	56,303083	58,558142	5,115800	1,550242	55,542300	57,007900	1,000000	1,176200	-0,443400	55,542300	9,054700	32,609400	5,065093	15,761687	17,349763	-0,433145	18,170000	18,170000	20,470000	-19,096268	0,000000	-6,875564	0,000000	0,000000	0,022399	2,000000	0,000000
15/02/2016	14:35	20,500000	80,000000	0,275000	0,400000	15,000000	20,000000	2,000000	30,000000	4,000000	2,000000	56,888162	59,087544	8,250000	2,853844	55,880500	56,233700	1,000000	0,676400	-0,499800	55,880500	9,044434	32,726600	5,118882	15,761687	17,476404	-0,451977	18,170000	18,050000	20,450000	-19,202048	0,000000	-7,169052	0,000000	0,000000	0,023143	3,000000	0,000000
15/02/2016	14:35	21,000000	80,000000	0,275000	0,400000	15,000000	20,000000	2,000000	30,000000	4,000000	2,000000	57,458795	59,603874	0,000000	-1,318326	56,591000	60,922200	0,000000	1,421000	0,744600	56,591000	0,000000	33,070300	5,083023	15,877582	17,476404	-0,414313	18,050000	18,270000	20,470000	-19,557298	0,000000	-7,457151	0,000000	0,000000	0,023252	-1,000000	0,000000
15/02/2016	14:36	21,500000	80,000000	0,275000	0,400000	15,000000	20,000000	2,000000	30,000000	4,000000	2,000000	58,015339	60,107456	8,250000	2,528956	57,016500	57,578500	1,000000	0,851000	-0,570000	57,016500	8,993104	33,468800	5,136811	15,993477	17,476404	-0,395480	18,270000	18,370000	20,470000	-19,770048	0,000000	-7,736989	0,000000	0,000000	0,023992	3,000000	0,000000
15/02/2016	14:36	22,000000	80,000000	0,275000	0,400000	15,000000	20,000000	2,000000	30,000000	4,000000	2,000000	58,558142	60,598605	0,000000	-0,596495	57,669900	61,195100	0,000000	1,306800	0,455800	57,669900	0,000000	33,890600	5,100952	15,993477	17,603044	-0,395480	18,370000	18,390000	20,490000	-20,033428	0,000000	-8,010244	0,000000	0,000000	0,024102	-1,000000	0,000000
15/02/2016	14:37	22,500000	80,000000	0,275000	0,400000	15,000000	20,000000	2,000000	30,000000	4,000000	2,000000	59,087544	61,077627	0,000000	-2,725773	58,641800	63,803400	0,000000	1,943800	0,637000	58,641800	0,000000	34,062500	5,118882	16,109372	17,729685	-0,414313	18,390000	18,250000	20,450000	-20,456058	0,000000	-8,280805	0,000000	0,000000	0,024211	-3,000000	0,000000
15/02/2016	14:37	23,000000	80,000000	0,275000	0,400000	15,000000	20,000000	2,000000	30,000000	4,000000	2,000000	59,603874	61,544822	0,056833	0,017222	59,394400	61,527600	1,000000	1,505200	-0,438600	59,394400	0,000000	34,335900	5,280248	15,877582	17,476404	-0,399247	18,250000	18,330000	20,450000	-20,958998	0,000000	-8,550554	0,000000	0,000000	0,024321	0,000000	0,000000
15/02/2016	14:38	23,500000	80,000000	0,275000	0,400000	15,000000	20,000000	2,000000	30,000000	4,000000	2,000000	60,107456	62,000482	0,000000	-0,347818	60,057100	62,348300	0,000000	1,325400	-0,179800	60,057100	0,000000	34,742200	5,118882	16,225266	17,729685	-0,395480	18,330000	18,370000	20,470000	-21,163708	0,000000	-8,813328	0,000000	0,000000	0,024431	0,000000	0,000000
15/02/2016	14:38	24,000000	80,000000	0,275000	0,400000	15,000000	20,000000	2,000000	30,000000	4,000000	2,000000	60,598605	62,444892	0,000000	-1,957108	60,834400	64,402000	0,000000	1,554600	0,229200	60,834400	0,000000	35,132800	5,083023	16,109372	17,729685	-0,433145	18,370000	18,190000	20,490000	-21,552358	0,000000	-9,073308	0,000000	0,000000	0,024540	-2,000000	0,000000
15/02/2016	14:39	24,500000	80,000000	0,275000	0,400000	15,000000	20,000000	2,000000	30,000000	4,000000	2,000000	61,077627	62,878329	1,481136	0,448829	61,357100	62,429500	1,000000	1,045400	-0,509200	61,357100	9,496142	35,585900	5,083023	16,225266	17,729685	-0,361582	18,190000	18,590000	20,510000	-21,813708	0,000000	-9,328116	0,000000	0,000000	0,024769	0,000000	0,000000
15/02/2016	14:39	25,000000	80,000000	0,275000	0,400000	15,000000	20,000000	2,000000	30,000000	4,000000	2,000000	61,544822	63,301065	8,250000	3,032165	61,468500	60,268900	1,000000	0,222800	-0,822600	61,468500	9,075232	35,992200	5,100952	16,109372	17,729685	-0,376648	18,590000	18,530000	20,530000	-21,869408	0,000000	-9,574024	0,000000	0,000000	0,025515	3,000000	0,000000
15/02/2016	14:40	25,500000	80,000000	0,275000	0,400000	15,000000	20,000000	2,000000	30,000000	4,000000	2,000000	62,000482	63,713363	3,446397	1,044363	61,651400	62,669000	1,000000	0,365800	0,143000	61,651400	9,177893	36,359400	5,047164	16,225266	17,729685	-0,369115	18,530000	18,570000	20,530000	-21,960858	0,000000	-9,812232	0,000000	0,000000	0,025894	1,000000	0,000000
15/02/2016	14:40	26,000000	80,000000	0,275000	0,400000	15,000000	20,000000	2,000000	30,000000	4,000000	2,000000	62,444892	64,115481	2,990068	0,906081	61,905800	63,209400	1,000000	0,508800	0,143000	61,905800	9,249756	36,687500	5,118882	16,225266	17,729685	-0,376648	18,570000	18,550000	20,550000	-22,088058	0,000000	-10,043851	0,000000	0,000000	0,026238	1,000000	0,000000
15/02/2016	14:41	26,500000	80,000000	0,275000	0,400000	15,000000	20,000000	2,000000	30,000000	4,000000	2,000000	62,878329	64,507671	8,250000	3,159571	61,956900	61,348100	1,000000	0,102200	-0,406600	61,956900	8,952039	37,070300	5,083023	16,109372	17,729685	-0,372881	18,550000	18,570000	20,550000	-22,113608	0,000000	-10,267365	0,000000	0,000000	0,026975	3,000000	0,000000
15/02/2016	14:41	27,000000	80,000000	0,275000	0,400000	15,000000	20,000000	2,000000	30,000000	4,000000	2,000000	63,301065	64,890178	8,250000	2,530178	62,024400	62,360000	1,000000	0,135000	0,032800	62,024400	9,085498	37,359400	5,100952	16,225266	17,729685	-0,384181	18,570000	18,530000	20,570000	-22,147358	0,000000	-10,483365	0,000000	0,000000	0,027722	3,000000	0,000000
15/02/2016	14:42	27,500000	80,000000	0,275000	0,400000	15,000000	20,000000	2,000000	30,000000	4,000000	2,000000	63,713363	65,263241	2,972116	0,900641	62,314200	64,362600	1,000000	0,579600	0,444600	62,314200	9,136829	37,656300	5,065093	16,225266	17,729685	-0,380414	18,530000	18,550000	20,570000	-22,292258	0,000000	-10,694238	0,000000	0,000000	0,028062	1,000000	0,000000
15/02/2016	14:42	28,000000	80,000000	0,275000	0,400000	15,000000	20,000000	2,000000	30,000000	4,000000	2,000000	64,115481	65,627093	3,498637	1,060193	62,693300	64,566900	1,000000	0,758200	0,178600	62,693300	9,208692	38,007800	5,118882	16,225266	17,729685	-0,369115	18,550000	18,650000	20,610000	-22,481808	0,000000	-10,901038	0,000000	0,000000	0,028445	1,000000	0,000000
15/02/2016	14:43	28,500000	80,000000	0,275000	0,400000	15,000000	20,000000	2,000000	30,000000	4,000000	2,000000	64,507671	65,981961	0,000000	-1,588539	63,403700	67,570500	0,000000	1,420800	0,662600	63,403700	0,000000	38,320300	5,083023	16,225266	17,729685	-0,387947	18,650000	18,570000	20,630000	-22,837008	0,000000	-11,106830	0,000000	0,000000	0,028555	-2,000000	0,000000
15/02/2016	14:43	29,000000	80,000000	0,275000	0,400000	15,000000	20,000000	2,000000	30,000000	4,000000	2,000000	64,890178	66,328068	3,607454	1,093168	63,922900	65,234900	1,000000	1,038400	-0,382400	63,922900	9,126563	38,507800	5,083023	16,225266	17,729685	-0,357815	18,570000	18,710000	20,610000	-23,096608	0,000000	-11,310047	0,000000	0,000000	0,028944	1,000000	0,000000
15/02/2016	14:44	29,500000	80,000000	0,275000	0,400000	15,000000	20,000000	2,000000	30,000000	4,000000	2,000000	65,263241	66,665629	0,000000	-1,230271	64,595100	67,895900	0,000000	1,344400	0,306000	64,595100	0,000000	38,789100	5,100952	16,225266	17,729685	-0,387947	18,710000	18,550000	20,610000	-23,432708	0,000000	-11,512091	0,000000	0,000000	0,029054	-1,000000	0,000000
15/02/2016	14:44	30,000000	80,000000	0,275000	0,400000	15,000000	20,000000	2,000000	30,000000	4,000000	2,000000	65,627093	66,994856	0,000000	-1,272644	65,301900	68,267500	0,000000	1,413600	0,069200	65,301900	0,000000	38,953100	5,118882	16,225266	17,729685	-0,395480	18,550000	18,510000	20,610000	-23,786108	0,000000	-11,713305	0,000000	0,000000	0,029164	-1,000000	0,000000
15/02/2016	14:45	30,500000	80,000000	0,275000	0,400000	15,000000	20,000000	2,000000	30,000000	4,000000	2,000000	65,981961	67,315954	2,314139	0,701254	65,761900	66,614700	1,000000	0,920000	-0,493600	65,761900	9,249756	39,265600	5,083023	16,225266	17,729685	-0,335217	18,510000	18,850000	20,630000	-24,016108	0,000000	-11,911737	0,000000	0,000000	0,029455	1,000000	0,000000
15/02/2016	14:45	31,000000	80,000000	0,275000	0,400000	15,000000	20,000000	2,000000	30,000000	4,000000	2,000000	66,328068	67,629124	0,000000	-2,151776	66,412900	69,780900	0,000000	1,302000	0,382000	66,412900	0,000000	39,484400	5,065093	16,225266	17,856326	-0,316384	18,850000	18,970000	20,650000	-24,278287	0,000000	-12,108031	0,000000	0,000000	0,029565	-2,000000	0,000000
15/02/2016	14:46	31,500000	80,000000	0,275000	0,400000	15,000000	20,000000	2,000000	30,000000	4,000000	2,000000	66,665629	67,934562	3,261266	0,988262	66,761500	66,946300	1,000000	0,697200	-0,604800	66,761500	9,270288	39,804700	5,083023	16,225266	17,729685	-0,350282	18,970000	18,790000	20,650000	-24,515908	0,000000	-12,301904	0,000000	0,000000	0,029931	1,000000	0,000000
15/02/2016	14:46	32,000000	80,000000	0,275000	0,400000	15,000000	20,000000	2,000000	30,000000	4,000000	2,000000	66,994856	68,232459	4,472025	1,355159	66,929300	66,877300	1,000000	0,335600	-0,361600	66,929300	9,198426	39,976600	5,083023	16,225266	17,982966	-0,369115	18,790000	18,690000	20,650000	-24,473167	0,000000	-12,489155	0,000000	0,000000	0,030390	1,000000	0,000000
15/02/2016	14:47	32,500000	80,000000	0,275000	0,400000	15,000000	20,000000	2,000000	30,000000	4,000000	2,000000	67,315954	68,523001	0,565952	0,171501	67,161900	68,351500	1,000000	0,465200	0,129600	67,161900	9,526941	40,210900	5,047164	16,225266	18,109607	-0,357815	18,690000	18,750000	20,650000	-24,526147	0,000000	-12,671533	0,000000	0,000000	0,030546	0,000000	0,000000
15/02/2016	14:47	33,000000	80,000000	0,275000	0,400000	15,000000	20,000000	2,000000	30,000000	4,000000	2,000000	67,629124	68,806369	5,711207	1,730669	67,255700	67,075700	1,000000	0,187600	-0,277600	67,255700	8,941773	40,304700	5,083023	16,225266	17,856326	-0,331450	18,750000	18,890000	20,650000	-24,699687	0,000000	-12,851058	0,000000	0,000000	0,031089	2,000000	0,000000
15/02/2016	14:48	33,500000	80,000000	0,275000	0,400000	15,000000	20,000000	2,000000	30,000000	4,000000	2,000000	67,934562	69,082741	0,537374	0,162841	67,482300	68,919900	1,000000	0,453200	0,265600	67,482300	9,496142	40,531300	5,083023	16,225266	17,856326	-0,323917	18,890000	18,950000	20,670000	-24,812987	0,000000	-13,026969	0,000000	0,000000	0,031242	0,000000	0,000000
15/02/2016	14:48	34,000000	80,000000	0,275000	0,400000	15,000000	20,000000	2,000000	30,000000	4,000000	2,000000	68,232459	69,352289	2,203373	0,667689	67,716600	68,684600	1,000000	0,468600	0,015400	67,716600	9,331885	40,765600	5,118882	16,225266	17,856326	-0,331450	18,950000	18,950000	20,710000	-24,930137	0,000000	-13,199478	0,000000	0,000000	0,031527	1,000000	0,000000
15/02/2016	14:49	34,500000	80,000000	0,275000	0,400000	15,000000	20,000000	2,000000	30,000000	4,000000	2,000000	68,523001	69,615182	4,715969	1,429082	67,872900	68,186100	1,000000	0,312600	-0,156000	67,872900	9,167627	40,921900	5,065093	16,225266	18,236247	-0,372881	18,950000	18,750000	20,730000	-24,818326	0,000000	-13,365462	0,000000	0,000000	0,032004	1,000000	0,000000
15/02/2016	14:49	35,000000	80,000000	0,275000	0,400000	15,000000	20,000000	2,000000	30,000000	4,000000	2,000000	68,806369	69,871584	3,297966	0,999384	68,053400	68,872200	1,000000	0,361000	0,048400	68,053400	9,239490	41,140600	5,100952	16,225266	17,982966	-0,274953	18,750000	19,290000	20,750000	-25,035217	0,000000	-13,529825	0,000000	0,000000	0,032372	1,000000	0,000000
15/02/2016	14:50	35,500000	80,000000	0,275000	0,400000	15,000000	20,000000	2,000000	30,000000	4,000000	2,000000	69,082741	70,121655	1,343282	0,407055	68,318200	69,714600	1,000000	0,529600	0,168600	68,318200	9,208692	41,375000	5,065093	16,572951	18,236247	-0,327684	19,290000	19,010000	20,750000	-25,040976	0,000000	-13,689702	0,000000	0,000000	0,032587	0,000000	0,000000
15/02/2016	14:50	36,000000	80,000000	0,275000	0,400000	15,000000	20,000000	2,000000	30,000000	4,000000	2,000000	69,352289	70,365552	2,838503	0,860152	68,567800	69,505400	1,000000	0,499200	-0,030400	68,567800	9,280554	41,593800	5,083023	16,225266	17,982966	-0,346516	19,010000	18,930000	20,770000	-25,292417	0,000000	-13,848643	0,000000	0,000000	0,032920	1,000000	0,000000
15/02/2016	14:51	36,500000	80,000000	0,275000	0,400000	15,000000	20,000000	2,000000	30,000000	4,000000	2,000000	69,615182	70,603428	0,071701	0,021728	68,902500	70,581700	1,000000	0,669400	0,170200	68,902500	1,529649	41,789100	5,262318	16,225266	17,982966	-0,316384	18,930000	19,090000	20,770000	-25,459767	0,000000	-14,005550	0,000000	0,000000	0,033031	0,000000	0,000000
15/02/2016	14:51	37,000000	80,000000	0,275000	0,400000	15,000000	20,000000	2,000000	30,000000	4,000000	2,000000	69,871584	70,835430	0,000000	-0,753970	69,349800	71,589400	0,000000	0,894600	0,225200	69,349800	0,000000	42,054700	5,065093	16,225266	18,236247	-0,361582	19,090000	18,850000	20,770000	-25,556776	0,000000	-14,159566	0,000000	0,000000	0,033140	-1,000000	0,000000
15/02/2016	14:52	37,500000	80,000000	0,275000	0,400000	15,000000	20,000000	2,000000	30,000000	4,000000	2,000000	70,121655	71,061704	1,669483	0,505904	69,682600	70,555800	1,000000	0,665600	-0,229000	69,682600	9,444812	42,203100	5,065093	16,225266	18,236247	-0,338983	18,850000	18,990000	20,790000	-25,723176	0,000000	-14,311719	0,000000	0,000000	0,033384	1,000000	0,000000
15/02/2016	14:52	38,000000	80,000000	0,275000	0,400000	15,000000	20,000000	2,000000	30,000000	4,000000	2,000000	70,365552	71,282391	0,922651	0,279591	69,977200	71,002800	1,000000	0,589200	-0,076400	69,977200	9,496142	42,460900	5,083023	16,341161	18,236247	-0,290019	18,990000	19,250000	20,790000	-25,870476	0,000000	-14,461833	0,000000	0,000000	0,033568	0,000000	0,000000
15/02/2016	14:53	38,500000	80,000000	0,275000	0,400000	15,000000	20,000000	2,000000	30,000000	4,000000	2,000000	70,603428	71,497630	1,412828	0,428130	70,229500	71,069500	1,000000	0,504600	-0,084600	70,229500	9,383215	42,718800	5,083023	16,341161	18,236247	-0,338983	19,250000	19,010000	20,810000	-25,996626	0,000000	-14,609715	0,000000	0,000000	0,033790	0,000000	0,000000
15/02/2016	14:53	39,000000	80,000000	0,275000	0,400000	15,000000	20,000000	2,000000	30,000000	4,000000	2,000000	70,835430	71,707554	4,355848	1,319954	70,359200	70,387600	1,000000	0,259400	-0,245200	70,359200	9,239490	42,851600	5,118882	16,572951	18,236247	-0,338983	19,010000	19,030000	20,830000	-26,061476	0,000000	-14,754674	0,000000	0,000000	0,034242	1,000000	0,000000
15/02/2016	14:54	39,500000	80,000000	0,275000	0,400000	15,000000	20,000000	2,000000	30,000000	4,000000	2,000000	71,061704	71,912295	2,308004	0,699395	70,511700	71,212900	1,000000	0,305000	0,045600	70,511700	9,249756	43,007800	5,100952	16,572951	18,236247	-0,342750	19,030000	19,010000	20,830000	-26,137726	0,000000	-14,896962	0,000000	0,000000	0,034533	1,000000	0,000000
15/02/2016	14:54	40,000000	80,000000	0,275000	0,400000	15,000000	20,000000	2,000000	30,000000	4,000000	2,000000	71,282391	72,111981	0,724289	0,219481	70,732900	71,892500	1,000000	0,442400	0,137400	70,732900	9,290821	43,234400	5,083023	16,457056	18,236247	-0,354049	19,010000	18,990000	20,870000	-26,248326	0,000000	-15,037102	0,000000	0,000000	0,034700	0,000000	0,000000
15/02/2016	14:55	40,500000	80,000000	0,275000	0,400000	15,000000	20,000000	2,000000	30,000000	4,000000	2,000000	71,497630	72,306737	4,715823	1,429037	70,847300	70,877700	1,000000	0,228800	-0,213600	70,847300	9,157361	43,351600	5,100952	16,688845	18,236247	-0,316384	18,990000	19,190000	20,870000	-26,305526	0,000000	-15,174522	0,000000	0,000000	0,035176	1,000000	0,000000
15/02/2016	14:55	41,000000	80,000000	0,275000	0,400000	15,000000	20,000000	2,000000	30,000000	4,000000	2,000000	71,707554	72,496685	1,562499	0,473485	71,028800	72,023200	1,000000	0,363000	0,134200	71,028800	9,444812	43,500000	5,047164	16,688845	18,236247	-0,312618	19,190000	19,230000	20,890000	-26,396276	0,000000	-15,309724	0,000000	0,000000	0,035411	0,000000	0,000000
15/02/2016	14:56	41,500000	80,000000	0,275000	0,400000	15,000000	20,000000	2,000000	30,000000	4,000000	2,000000	71,912295	72,681942	1,587439	0,481042	71,239700	72,200900	1,000000	0,421800	0,058800	71,239700	9,331885	43,710900	5,083023	16,572951	18,236247	-0,350282	19,230000	19,030000	20,890000	-26,501726	0,000000	-15,442962	0,000000	0,000000	0,035647	0,000000	0,000000
15/02/2016	14:56	42,000000	80,000000	0,275000	0,400000	15,000000	20,000000	2,000000	30,000000	4,000000	2,000000	72,111981	72,862626	0,447235	0,135526	71,498700	72,727100	1,000000	0,518000	0,096200	71,498700	9,578271	43,859400	5,047164	16,688845	18,236247	-0,312618	19,030000	19,250000	20,910000	-26,631226	0,000000	-15,574589	0,000000	0,000000	0,035793	0,000000	0,000000
15/02/2016	14:57	42,500000	80,000000	0,275000	0,400000	15,000000	20,000000	2,000000	30,000000	4,000000	2,000000	72,306737	73,038848	1,043619	0,316248	71,749800	72,722600	1,000000	0,502200	-0,015800	71,749800	9,537207	44,000000	5,083023	16,688845	18,236247	-0,297552	19,250000	19,330000	20,910000	-26,756776	0,000000	-15,704614	0,000000	0,000000	0,035987	0,000000	0,000000
15/02/2016	14:57	43,000000	80,000000	0,275000	0,400000	15,000000	20,000000	2,000000	30,000000	4,000000	2,000000	72,496685	73,210719	0,000000	-1,433481	72,183000	74,644200	0,000000	0,866400	0,364200	72,183000	0,000000	44,179700	5,083023	16,688845	18,489529	-0,346516	19,330000	19,090000	20,930000	-26,846736	0,000000	-15,832685	0,000000	0,000000	0,036097	-1,000000	0,000000
15/02/2016	14:58	43,500000	80,000000	0,275000	0,400000	15,000000	20,000000	2,000000	30,000000	4,000000	2,000000	72,681942	73,378347	6,036516	1,829247	72,305100	71,549100	1,000000	0,244200	-0,622200	72,305100	9,208692	44,304700	5,083023	16,688845	18,236247	-0,335217	19,090000	19,150000	20,930000	-27,034426	0,000000	-15,959977	0,000000	0,000000	0,036678	2,000000	0,000000
15/02/2016	14:58	44,000000	80,000000	0,275000	0,400000	15,000000	20,000000	2,000000	30,000000	4,000000	2,000000	72,862626	73,541837	1,392391	0,421937	72,449900	73,119900	1,000000	0,289600	0,045400	72,449900	9,218958	44,453100	5,083023	16,688845	18,236247	-0,301318	19,150000	19,330000	20,930000	-27,106826	0,000000	-16,085223	0,000000	0,000000	0,036897	0,000000	0,000000
15/02/2016	14:59	44,500000	80,000000	0,275000	0,400000	15,000000	20,000000	2,000000	30,000000	4,000000	2,000000	73,038848	73,701289	5,455854	1,653289	72,469600	72,048000	1,000000	0,039400	-0,250200	72,469600	9,177893	44,546900	5,100952	16,688845	18,236247	-0,338983	19,330000	19,150000	20,950000	-27,116676	0,000000	-16,207794	0,000000	0,000000	0,037432	2,000000	0,000000
15/02/2016	14:59	45,000000	80,000000	0,275000	0,400000	15,000000	20,000000	2,000000	30,000000	4,000000	2,000000	73,210719	73,856805	0,828316	0,251005	72,604600	73,605800	1,000000	0,270000	0,230600	72,604600	9,547473	44,648400	5,065093	16,688845	18,362888	-0,301318	19,150000	19,350000	20,950000	-27,120856	0,000000	-16,327718	0,000000	0,000000	0,037609	0,000000	0,000000
15/02/2016	15:00	45,500000	80,000000	0,275000	0,400000	15,000000	20,000000	2,000000	30,000000	4,000000	2,000000	73,378347	74,008481	2,173647	0,658681	72,747400	73,349800	1,000000	0,285600	0,015600	72,747400	9,208692	44,757800	5,118882	16,688845	18,362888	-0,320151	19,350000	19,270000	20,970000	-27,192256	0,000000	-16,445811	0,000000	0,000000	0,037889	1,000000	0,000000
15/02/2016	15:00	46,000000	80,000000	0,275000	0,400000	15,000000	20,000000	2,000000	30,000000	4,000000	2,000000	73,541837	74,156412	0,775870	0,235112	72,941300	73,921300	1,000000	0,387800	0,102200	72,941300	9,537207	44,882800	5,083023	16,688845	18,362888	-0,286252	19,270000	19,470000	20,990000	-27,289206	0,000000	-16,562407	0,000000	0,000000	0,038061	0,000000	0,000000
15/02/2016	15:01	46,500000	80,000000	0,275000	0,400000	15,000000	20,000000	2,000000	30,000000	4,000000	2,000000	73,701289	74,300691	4,301190	1,303391	73,033700	72,997300	1,000000	0,184800	-0,203000	73,033700	9,208692	44,976600	5,118882	16,688845	18,362888	-0,293785	19,470000	19,430000	20,990000	-27,335406	0,000000	-16,677013	0,000000	0,000000	0,038507	1,000000	0,000000
15/02/2016	15:01	47,000000	80,000000	0,275000	0,400000	15,000000	20,000000	2,000000	30,000000	4,000000	2,000000	73,856805	74,441407	3,313884	1,004207	73,119600	73,437200	1,000000	0,171800	-0,013000	73,119600	9,290821	45,062500	5,118882	16,688845	18,489529	-0,350282	19,430000	19,130000	20,990000	-27,315036	0,000000	-16,788992	0,000000	0,000000	0,038879	1,000000	0,000000
15/02/2016	15:02	47,500000	80,000000	0,275000	0,400000	15,000000	20,000000	2,000000	30,000000	4,000000	2,000000	74,008481	74,578649	0,000000	-2,398551	73,586400	76,977200	0,000000	0,933600	0,761800	73,586400	0,000000	45,234400	5,083023	16,688845	18,616169	-0,290019	19,130000	19,450000	20,990000	-27,485115	0,000000	-16,900410	0,000000	0,000000	0,038988	-2,000000	0,000000
15/02/2016	15:02	48,000000	80,000000	0,275000	0,400000	15,000000	20,000000	2,000000	30,000000	4,000000	2,000000	74,156412	74,712503	0,000000	-0,594097	73,985000	75,306600	0,000000	0,797200	-0,136400	73,985000	0,000000	45,375000	5,065093	16,688845	18,742810	-0,305085	19,450000	19,410000	21,030000	-27,621095	0,000000	-17,010933	0,000000	0,000000	0,039098	-1,000000	0,000000
15/02/2016	15:03	48,500000	80,000000	0,275000	0,400000	15,000000	20,000000	2,000000	30,000000	4,000000	2,000000	74,300691	74,843052	5,429001	1,645152	74,074700	73,197900	1,000000	0,179400	-0,617800	74,074700	9,177893	45,429700	5,065093	16,688845	18,742810	-0,312618	19,410000	19,370000	21,030000	-27,665945	0,000000	-17,119657	0,000000	0,000000	0,039631	2,000000	0,000000
15/02/2016	15:03	49,000000	80,000000	0,275000	0,400000	15,000000	20,000000	2,000000	30,000000	4,000000	2,000000	74,441407	74,970377	0,000000	-0,696723	74,291500	75,667100	0,000000	0,433600	0,254200	74,291500	0,000000	45,578100	5,047164	16,688845	18,489529	-0,297552	19,370000	19,450000	21,030000	-27,900986	0,000000	-17,228559	0,000000	0,000000	0,039740	-1,000000	0,000000
15/02/2016	15:04	49,500000	80,000000	0,275000	0,400000	15,000000	20,000000	2,000000	30,000000	4,000000	2,000000	74,578649	75,094559	0,000000	-1,538241	74,648000	76,632800	0,000000	0,713000	0,279400	74,648000	0,000000	45,648400	5,065093	16,688845	18,616169	-0,316384	19,450000	19,390000	21,070000	-28,015915	0,000000	-17,336433	0,000000	0,000000	0,039850	-2,000000	0,000000
15/02/2016	15:04	50,000000	80,000000	0,275000	0,400000	15,000000	20,000000	2,000000	30,000000	4,000000	2,000000	74,712503	75,215675	0,627247	0,190075	74,848400	75,025600	1,000000	0,400800	-0,312200	74,848400	9,598804	45,632800	5,065093	16,688845	18,742810	-0,297552	19,390000	19,450000	21,030000	-28,052795	0,000000	-17,442536	0,000000	0,000000	0,040011	0,000000	0,000000
15/02/2016	15:05	50,500000	80,000000	0,275000	0,400000	15,000000	20,000000	2,000000	30,000000	4,000000	2,000000	74,843052	75,333800	0,395011	0,119700	74,978100	75,214100	1,000000	0,259400	-0,141400	74,978100	9,568005	45,765600	5,011305	16,688845	18,742810	-0,320151	19,450000	19,370000	21,070000	-28,117645	0,000000	-17,547194	0,000000	0,000000	0,040153	0,000000	0,000000
15/02/2016	15:05	51,000000	80,000000	0,275000	0,400000	15,000000	20,000000	2,000000	30,000000	4,000000	2,000000	74,970377	75,449009	0,263370	0,079809	75,079200	75,369200	1,000000	0,202200	-0,057200	75,079200	9,660400	45,867200	5,083023	16,688845	18,742810	-0,320151	19,370000	19,390000	21,090000	-28,168195	0,000000	-17,650310	0,000000	0,000000	0,040284	0,000000	0,000000
15/02/2016	15:06	51,500000	80,000000	0,275000	0,400000	15,000000	20,000000	2,000000	30,000000	4,000000	2,000000	75,094559	75,561374	0,000000	-0,168226	75,196400	75,729600	0,000000	0,234400	0,032200	75,196400	0,000000	45,984400	5,100952	16,688845	18,742810	-0,308851	19,390000	19,450000	21,090000	-28,226795	0,000000	-17,752007	0,000000	0,000000	0,040393	0,000000	0,000000
15/02/2016	15:06	52,000000	80,000000	0,275000	0,400000	15,000000	20,000000	2,000000	30,000000	4,000000	2,000000	75,215675	75,670964	2,816100	0,853364	75,206400	74,817600	1,000000	0,020000	-0,214400	75,206400	9,403748	46,031300	5,065093	16,688845	18,742810	-0,308851	19,450000	19,470000	21,110000	-28,231795	0,000000	-17,851815	0,000000	0,000000	0,040728	1,000000	0,000000
15/02/2016	15:07	52,500000	80,000000	0,275000	0,400000	15,000000	20,000000	2,000000	30,000000	4,000000	2,000000	75,333800	75,777848	0,000000	-0,442452	75,323500	76,220300	0,000000	0,234200	0,214200	75,323500	0,000000	46,148400	5,083023	16,688845	18,742810	-0,278719	19,470000	19,630000	21,110000	-28,290345	0,000000	-17,950291	0,000000	0,000000	0,040838	0,000000	0,000000
15/02/2016	15:07	53,000000	80,000000	0,275000	0,400000	15,000000	20,000000	2,000000	30,000000	4,000000	2,000000	75,449009	75,882093	3,421748	1,036893	75,322400	74,845200	1,000000	-0,002200	-0,236400	75,322400	9,331885	46,257800	5,065093	16,804740	18,742810	-0,308851	19,630000	19,470000	21,110000	-28,289795	0,000000	-18,046922	0,000000	0,000000	0,041219	1,000000	0,000000
15/02/2016	15:08	53,500000	80,000000	0,275000	0,400000	15,000000	20,000000	2,000000	30,000000	4,000000	2,000000	75,561374	75,983765	4,686543	1,420165	75,237600	74,563600	1,000000	-0,169600	-0,167400	75,237600	8,982838	46,320300	5,083023	17,036530	18,742810	-0,286252	19,470000	19,610000	21,130000	-28,247395	0,000000	-18,141371	0,000000	0,000000	0,041686	1,000000	0,000000
15/02/2016	15:08	54,000000	80,000000	0,275000	0,400000	15,000000	20,000000	2,000000	30,000000	4,000000	2,000000	75,670964	76,082926	3,565075	1,080326	75,173800	75,002600	1,000000	-0,127600	0,042000	75,173800	9,239490	46,367200	5,100952	16,804740	18,742810	-0,293785	19,610000	19,570000	21,130000	-28,215495	0,000000	-18,233794	0,000000	0,000000	0,042075	1,000000	0,000000
15/02/2016	15:09	54,500000	80,000000	0,275000	0,400000	15,000000	20,000000	2,000000	30,000000	4,000000	2,000000	75,777848	76,179639	2,346428	0,711039	75,178200	75,468600	1,000000	0,008800	0,136400	75,178200	9,280554	46,445300	5,065093	16,804740	18,742810	-0,297552	19,570000	19,570000	21,150000	-28,217695	0,000000	-18,324557	0,000000	0,000000	0,042370	1,000000	0,000000
15/02/2016	15:09	55,000000	80,000000	0,275000	0,400000	15,000000	20,000000	2,000000	30,000000	4,000000	2,000000	75,882093	76,273964	0,000000	-0,725336	75,382500	76,999300	0,000000	0,408600	0,399800	75,382500	0,000000	46,539100	5,083023	16,920635	18,742810	-0,290019	19,570000	19,630000	21,170000	-28,319845	0,000000	-18,414605	0,000000	0,000000	0,042480	-1,000000	0,000000
15/02/2016	15:10	55,500000	80,000000	0,275000	0,400000	15,000000	20,000000	2,000000	30,000000	4,000000	2,000000	75,983765	76,365960	0,000000	-0,622140	75,651700	76,988100	0,000000	0,538400	0,129800	75,651700	0,000000	46,476600	5,100952	16,804740	18,742810	-0,335217	19,630000	19,330000	21,110000	-28,454445	0,000000	-18,504246	0,000000	0,000000	0,042589	-1,000000	0,000000
15/02/2016	15:10	56,000000	80,000000	0,275000	0,400000	15,000000	20,000000	2,000000	30,000000	4,000000	2,000000	76,082926	76,455685	1,989190	0,602785	75,793700	75,852900	1,000000	0,284000	-0,254400	75,793700	9,311353	46,507800	5,100952	16,920635	18,742810	-0,297552	19,330000	19,550000	21,130000	-28,525445	0,000000	-18,592929	0,000000	0,000000	0,042856	1,000000	0,000000
15/02/2016	15:11	56,500000	80,000000	0,275000	0,400000	15,000000	20,000000	2,000000	30,000000	4,000000	2,000000	76,179639	76,543194	0,000000	-0,766006	76,025200	77,309200	0,000000	0,463000	0,179000	76,025200	0,000000	46,445300	5,065093	17,036530	18,742810	-0,312618	19,550000	19,490000	21,150000	-28,641195	0,000000	-18,681072	0,000000	0,000000	0,042966	-1,000000	0,000000
15/02/2016	15:11	57,000000	80,000000	0,275000	0,400000	15,000000	20,000000	2,000000	30,000000	4,000000	2,000000	76,273964	76,628543	1,996642	0,605043	76,127900	76,023500	1,000000	0,205400	-0,257600	76,127900	9,475610	46,476600	5,047164	16,920635	18,742810	-0,323917	19,490000	19,450000	21,170000	-28,692545	0,000000	-18,768128	0,000000	0,000000	0,043236	1,000000	0,000000
15/02/2016	15:12	57,500000	80,000000	0,275000	0,400000	15,000000	20,000000	2,000000	30,000000	4,000000	2,000000	76,365960	76,711785	0,000000	-0,386815	76,281400	77,098600	0,000000	0,307000	0,101600	76,281400	0,000000	46,523400	5,100952	17,152424	18,742810	-0,263653	19,450000	19,770000	21,170000	-28,769295	0,000000	-18,854345	0,000000	0,000000	0,043346	0,000000	0,000000
15/02/2016	15:12	58,000000	80,000000	0,275000	0,400000	15,000000	20,000000	2,000000	30,000000	4,000000	2,000000	76,455685	76,792971	0,542424	0,164371	76,388200	76,628600	1,000000	0,213600	-0,093400	76,388200	9,465344	46,632800	5,047164	17,152424	18,742810	-0,293785	19,770000	19,630000	21,190000	-28,822695	0,000000	-18,939545	0,000000	0,000000	0,043499	0,000000	0,000000
15/02/2016	15:13	58,500000	80,000000	0,275000	0,400000	15,000000	20,000000	2,000000	30,000000	4,000000	2,000000	76,543194	76,872153	2,941464	0,891353	76,390400	75,980800	1,000000	0,004400	-0,209200	76,390400	9,372949	46,671900	5,100952	17,152424	18,869450	-0,286252	19,630000	19,670000	21,190000	-28,760475	0,000000	-19,022773	0,000000	0,000000	0,043843	1,000000	0,000000
15/02/2016	15:13	59,000000	80,000000	0,275000	0,400000	15,000000	20,000000	2,000000	30,000000	4,000000	2,000000	76,628543	76,949380	2,423123	0,734280	76,371900	76,215100	1,000000	-0,037000	-0,041400	76,371900	9,362683	46,726600	5,100952	17,036530	18,742810	-0,312618	19,670000	19,530000	21,190000	-28,814545	0,000000	-19,105057	0,000000	0,000000	0,044145	1,000000	0,000000
15/02/2016	15:14	59,500000	80,000000	0,275000	0,400000	15,000000	20,000000	2,000000	30,000000	4,000000	2,000000	76,711785	77,024700	2,403059	0,728200	76,355300	76,296500	1,000000	-0,033200	0,003800	76,355300	9,372949	46,820300	5,083023	17,152424	18,869450	-0,271186	19,530000	19,790000	21,230000	-28,742925	0,000000	-19,185372	0,000000	0,000000	0,044446	1,000000	0,000000
15/02/2016	15:14	60,000000	80,000000	0,275000	0,400000	15,000000	20,000000	2,000000	30,000000	4,000000	2,000000	76,792971	77,098160	6,277458	1,902260	76,219100	75,195900	1,000000	-0,272400	-0,239200	76,219100	9,157361	46,828100	5,083023	17,036530	18,742810	-0,335217	19,790000	19,430000	21,210000	-28,738145	0,000000	-19,264321	0,000000	0,000000	0,045044	2,000000	0,000000
15/02/2016	15:15	60,500000	80,000000	0,275000	0,400000	15,000000	20,000000	2,000000	30,000000	4,000000	2,000000	76,872153	77,169807	0,000000	-0,359093	76,304100	77,528900	0,000000	0,170000	0,442400	76,304100	0,000000	46,804700	5,083023	17,036530	18,996091	-0,305085	19,430000	19,570000	21,190000	-28,654004	0,000000	-19,341285	0,000000	0,000000	0,045154	0,000000	0,000000
15/02/2016	15:15	61,000000	80,000000	0,275000	0,400000	15,000000	20,000000	2,000000	30,000000	4,000000	2,000000	76,949380	77,239685	0,000000	-0,148215	76,462300	77,387900	0,000000	0,316400	0,146400	76,462300	0,000000	46,671900	5,065093	17,152424	18,869450	-0,286252	19,570000	19,650000	21,170000	-28,796425	0,000000	-19,418156	0,000000	0,000000	0,045264	0,000000	0,000000
15/02/2016	15:16	61,500000	80,000000	0,275000	0,400000	15,000000	20,000000	2,000000	30,000000	4,000000	2,000000	77,024700	77,307837	2,838122	0,860037	76,531000	76,447800	1,000000	0,137400	-0,179000	76,531000	9,331885	46,742200	5,083023	17,152424	19,122732	-0,286252	19,650000	19,670000	21,190000	-28,704134	0,000000	-19,493043	0,000000	0,000000	0,045598	1,000000	0,000000
15/02/2016	15:16	62,000000	80,000000	0,275000	0,400000	15,000000	20,000000	2,000000	30,000000	4,000000	2,000000	77,098160	77,374307	2,623522	0,795007	76,566900	76,579300	1,000000	0,071800	-0,065600	76,566900	9,044434	46,742200	5,100952	17,152424	18,869450	-0,290019	19,670000	19,650000	21,190000	-28,848725	0,000000	-19,567889	0,000000	0,000000	0,045909	1,000000	0,000000
15/02/2016	15:17	62,500000	80,000000	0,275000	0,400000	15,000000	20,000000	2,000000	30,000000	4,000000	2,000000	77,169807	77,439135	0,000000	-1,800265	76,879800	79,239400	0,000000	0,625800	0,554000	76,879800	0,000000	46,804700	5,083023	17,152424	19,122732	-0,256121	19,650000	19,850000	21,210000	-28,878534	0,000000	-19,641783	0,000000	0,000000	0,046019	-2,000000	0,000000
15/02/2016	15:17	63,000000	80,000000	0,275000	0,400000	15,000000	20,000000	2,000000	30,000000	4,000000	2,000000	77,239685	77,502363	0,942689	0,285663	77,056300	77,216700	1,000000	0,353000	-0,272800	77,056300	9,568005	46,875000	5,065093	17,152424	18,869450	-0,271186	19,850000	19,790000	21,230000	-29,093425	0,000000	-19,716205	0,000000	0,000000	0,046205	0,000000	0,000000
15/02/2016	15:18	63,500000	80,000000	0,275000	0,400000	15,000000	20,000000	2,000000	30,000000	4,000000	2,000000	77,307837	77,564030	0,000000	-0,443170	77,240400	78,007200	0,000000	0,368200	0,015200	77,240400	0,000000	46,953100	5,011305	17,152424	19,122732	-0,244821	19,790000	19,930000	21,230000	-29,058834	0,000000	-19,789194	0,000000	0,000000	0,046315	0,000000	0,000000
15/02/2016	15:18	64,000000	80,000000	0,275000	0,400000	15,000000	20,000000	2,000000	30,000000	4,000000	2,000000	77,374307	77,624174	0,000000	-0,177626	77,384600	77,801800	0,000000	0,288400	-0,079800	77,384600	0,000000	47,062500	5,065093	17,152424	18,996091	-0,308851	19,930000	19,610000	21,250000	-29,194254	0,000000	-19,862102	0,000000	0,000000	0,046424	0,000000	0,000000
15/02/2016	15:19	64,500000	80,000000	0,275000	0,400000	15,000000	20,000000	2,000000	30,000000	4,000000	2,000000	77,439135	77,682834	0,568042	0,172134	77,462700	77,510700	1,000000	0,156200	-0,132200	77,462700	9,455078	47,140600	5,100952	17,152424	19,122732	-0,297552	19,610000	19,690000	21,270000	-29,169984	0,000000	-19,933701	0,000000	0,000000	0,046580	0,000000	0,000000
15/02/2016	15:19	65,000000	80,000000	0,275000	0,400000	15,000000	20,000000	2,000000	30,000000	4,000000	2,000000	77,502363	77,740045	0,000000	-0,212155	77,551800	77,952200	0,000000	0,178200	0,022000	77,551800	0,000000	47,265600	5,047164	17,152424	19,122732	-0,290019	19,690000	19,750000	21,290000	-29,214534	0,000000	-20,004547	0,000000	0,000000	0,046689	0,000000	0,000000
15/02/2016	15:20	65,500000	80,000000	0,275000	0,400000	15,000000	20,000000	2,000000	30,000000	4,000000	2,000000	77,564030	77,795843	6,160253	1,866743	77,411100	75,929100	1,000000	-0,281400	-0,459600	77,411100	9,208692	47,304700	5,100952	17,152424	18,996091	-0,278719	19,750000	19,830000	21,310000	-29,207504	0,000000	-20,074266	0,000000	0,000000	0,047281	2,000000	0,000000
15/02/2016	15:20	66,000000	80,000000	0,275000	0,400000	15,000000	20,000000	2,000000	30,000000	4,000000	2,000000	77,624174	77,850264	4,658822	1,411764	77,240500	76,438500	1,000000	-0,341200	-0,059800	77,240500	9,167627	47,421900	5,100952	17,152424	19,249372	-0,286252	19,830000	19,790000	21,310000	-28,995564	0,000000	-20,141344	0,000000	0,000000	0,047753	1,000000	0,000000
15/02/2016	15:21	66,500000	80,000000	0,275000	0,400000	15,000000	20,000000	2,000000	30,000000	4,000000	2,000000	77,682834	77,903341	0,000000	-0,258059	77,267000	78,161400	0,000000	0,053000	0,394200	77,267000	0,000000	47,484400	5,029234	17,152424	19,249372	-0,282486	19,790000	19,830000	21,330000	-29,008814	0,000000	-20,207519	0,000000	0,000000	0,047863	0,000000	0,000000
15/02/2016	15:21	67,000000	80,000000	0,275000	0,400000	15,000000	20,000000	2,000000	30,000000	4,000000	2,000000	77,740045	77,955108	0,437606	0,132608	77,340500	77,822500	1,000000	0,147000	0,094000	77,340500	9,639868	47,593800	5,029234	17,152424	19,122732	-0,267420	19,830000	19,910000	21,330000	-29,108884	0,000000	-20,273455	0,000000	0,000000	0,048009	0,000000	0,000000
15/02/2016	15:22	67,500000	80,000000	0,275000	0,400000	15,000000	20,000000	2,000000	30,000000	4,000000	2,000000	77,795843	78,005597	0,940489	0,284997	77,415400	77,720600	1,000000	0,149800	0,002800	77,415400	9,578271	47,632800	5,100952	17,152424	19,249372	-0,274953	19,910000	19,890000	21,350000	-29,083014	0,000000	-20,338231	0,000000	0,000000	0,048195	0,000000	0,000000
15/02/2016	15:22	68,000000	80,000000	0,275000	0,400000	15,000000	20,000000	2,000000	30,000000	4,000000	2,000000	77,850264	78,054839	1,705897	0,516939	77,462300	77,537900	1,000000	0,093800	-0,056000	77,462300	9,496142	47,679700	5,065093	17,152424	19,249372	-0,252354	19,890000	20,010000	21,350000	-29,106464	0,000000	-20,402233	0,000000	0,000000	0,048442	1,000000	0,000000
15/02/2016	15:23	68,500000	80,000000	0,275000	0,400000	15,000000	20,000000	2,000000	30,000000	4,000000	2,000000	77,903341	78,102865	0,413374	0,125265	77,540400	77,977600	1,000000	0,156200	0,062400	77,540400	9,650134	47,757800	5,011305	17,152424	19,249372	-0,271186	20,010000	19,910000	21,350000	-29,145514	0,000000	-20,465590	0,000000	0,000000	0,048585	0,000000	0,000000
15/02/2016	15:23	69,000000	80,000000	0,275000	0,400000	15,000000	20,000000	2,000000	30,000000	4,000000	2,000000	77,955108	78,149705	1,648697	0,499605	77,587300	77,650100	1,000000	0,093800	-0,062400	77,587300	9,537207	47,804700	5,047164	17,152424	19,249372	-0,290019	19,910000	19,810000	21,350000	-29,168964	0,000000	-20,528204	0,000000	0,000000	0,048829	0,000000	0,000000
15/02/2016	15:24	69,500000	80,000000	0,275000	0,400000	15,000000	20,000000	2,000000	30,000000	4,000000	2,000000	78,005597	78,195389	1,001184	0,303389	77,642000	77,892000	1,000000	0,109400	0,015600	77,642000	9,537207	47,859400	5,065093	17,152424	19,249372	-0,263653	19,810000	19,970000	21,370000	-29,196314	0,000000	-20,590119	0,000000	0,000000	0,049019	0,000000	0,000000
15/02/2016	15:24	70,000000	80,000000	0,275000	0,400000	15,000000	20,000000	2,000000	30,000000	4,000000	2,000000	78,054839	78,239945	0,144029	0,043645	77,727900	78,196300	1,000000	0,171800	0,062400	77,727900	0,000000	47,945300	5,280248	17,152424	19,249372	-0,286252	19,970000	19,870000	21,390000	-29,239264	0,000000	-20,651461	0,000000	0,000000	0,049129	0,000000	0,000000
15/02/2016	15:25	70,500000	80,000000	0,275000	0,400000	15,000000	20,000000	2,000000	30,000000	4,000000	2,000000	78,102865	78,283401	0,891003	0,270001	77,797800	78,013400	1,000000	0,139800	-0,032000	77,797800	9,516675	48,015600	5,083023	17,152424	19,249372	-0,323917	19,870000	19,670000	21,390000	-29,274214	0,000000	-20,712184	0,000000	0,000000	0,049311	0,000000	0,000000
15/02/2016	15:25	71,000000	80,000000	0,275000	0,400000	15,000000	20,000000	2,000000	30,000000	4,000000	2,000000	78,149705	78,325784	2,822437	0,855284	77,792500	77,470500	1,000000	-0,010600	-0,150400	77,792500	9,444812	48,046900	5,083023	17,268319	19,249372	-0,274953	19,670000	19,930000	21,390000	-29,271564	0,000000	-20,772040	0,000000	0,000000	0,049647	1,000000	0,000000
15/02/2016	15:26	71,500000	80,000000	0,275000	0,400000	15,000000	20,000000	2,000000	30,000000	4,000000	2,000000	78,195389	78,367121	1,763918	0,534521	77,794600	77,832600	1,000000	0,004200	0,014800	77,794600	9,290821	48,085900	5,083023	17,152424	19,249372	-0,282486	19,930000	19,890000	21,390000	-29,272614	0,000000	-20,831072	0,000000	0,000000	0,049896	1,000000	0,000000
15/02/2016	15:26	72,000000	80,000000	0,275000	0,400000	15,000000	20,000000	2,000000	30,000000	4,000000	2,000000	78,239945	78,407437	3,674670	1,113537	77,739900	77,293900	1,000000	-0,109400	-0,113600	77,739900	9,249756	48,140600	5,047164	17,152424	19,249372	-0,293785	19,890000	19,830000	21,390000	-29,245264	0,000000	-20,889101	0,000000	0,000000	0,050294	1,000000	0,000000
15/02/2016	15:27	72,500000	80,000000	0,275000	0,400000	15,000000	20,000000	2,000000	30,000000	4,000000	2,000000	78,283401	78,446757	5,040938	1,527557	77,624400	76,919200	1,000000	-0,231000	-0,121600	77,624400	9,208692	48,132800	5,029234	17,152424	19,249372	-0,293785	19,830000	19,870000	21,430000	-29,187514	0,000000	-20,945939	0,000000	0,000000	0,050798	2,000000	0,000000
15/02/2016	15:27	73,000000	80,000000	0,275000	0,400000	15,000000	20,000000	2,000000	30,000000	4,000000	2,000000	78,325784	78,485107	1,865182	0,565207	77,605900	77,919900	1,000000	-0,037000	0,194000	77,605900	9,393482	48,187500	5,047164	17,500109	19,249372	-0,267420	19,870000	20,010000	21,430000	-29,178264	0,000000	-21,001941	0,000000	0,000000	0,051057	1,000000	0,000000
15/02/2016	15:28	73,500000	80,000000	0,275000	0,400000	15,000000	20,000000	2,000000	30,000000	4,000000	2,000000	78,367121	78,522510	0,000000	-0,539790	77,759500	79,062300	0,000000	0,307200	0,344200	77,759500	0,000000	48,234400	5,047164	17,268319	19,249372	-0,278719	20,010000	19,950000	21,430000	-29,255064	0,000000	-21,057706	0,000000	0,000000	0,051166	-1,000000	0,000000
15/02/2016	15:28	74,000000	80,000000	0,275000	0,400000	15,000000	20,000000	2,000000	30,000000	4,000000	2,000000	78,407437	78,558989	0,000000	-1,227611	78,053000	79,786600	0,000000	0,587000	0,279800	78,053000	0,000000	48,312500	5,047164	17,152424	19,249372	-0,278719	19,950000	19,950000	21,430000	-29,401814	0,000000	-21,113707	0,000000	0,000000	0,051276	-1,000000	0,000000
15/02/2016	15:29	74,500000	80,000000	0,275000	0,400000	15,000000	20,000000	2,000000	30,000000	4,000000	2,000000	78,446757	78,594568	6,424663	1,946868	78,027300	76,647700	1,000000	-0,051400	-0,638400	78,027300	9,167627	48,250000	5,100952	17,152424	19,249372	-0,259887	19,950000	20,070000	21,450000	-29,388964	0,000000	-21,168875	0,000000	0,000000	0,051886	2,000000	0,000000
15/02/2016	15:29	75,000000	80,000000	0,275000	0,400000	15,000000	20,000000	2,000000	30,000000	4,000000	2,000000	78,485107	78,629268	0,000000	-0,676232	78,157900	79,305500	0,000000	0,261200	0,312600	78,157900	0,000000	48,343800	5,029234	17,152424	19,249372	-0,271186	20,070000	20,030000	21,470000	-29,454264	0,000000	-21,223745	0,000000	0,000000	0,051996	-1,000000	0,000000
15/02/2016	15:30	75,500000	80,000000	0,275000	0,400000	15,000000	20,000000	2,000000	30,000000	4,000000	2,000000	78,522510	78,663111	0,000000	-1,737189	78,465100	80,400300	0,000000	0,614400	0,353200	78,465100	0,000000	48,429700	5,083023	17,152424	19,249372	-0,293785	20,030000	19,890000	21,450000	-29,607864	0,000000	-21,278904	0,000000	0,000000	0,052105	-2,000000	0,000000
15/02/2016	15:30	76,000000	80,000000	0,275000	0,400000	15,000000	20,000000	2,000000	30,000000	4,000000	2,000000	78,558989	78,696119	0,000000	-0,668681	78,701600	79,364800	0,000000	0,473000	-0,141400	78,701600	0,000000	48,445300	5,065093	17,500109	19,249372	-0,293785	19,890000	19,890000	21,450000	-29,726114	0,000000	-21,334114	0,000000	0,000000	0,052215	-1,000000	0,000000
15/02/2016	15:31	76,500000	80,000000	0,275000	0,400000	15,000000	20,000000	2,000000	30,000000	4,000000	2,000000	78,594568	78,728312	0,000000	-0,253088	78,837800	78,981400	0,000000	0,272400	-0,200600	78,837800	0,000000	48,507800	5,065093	17,268319	19,249372	-0,297552	19,890000	19,910000	21,490000	-29,794214	0,000000	-21,389050	0,000000	0,000000	0,052324	0,000000	0,000000
15/02/2016	15:31	77,000000	80,000000	0,275000	0,400000	15,000000	20,000000	2,000000	30,000000	4,000000	2,000000	78,629268	78,759710	0,000000	-0,359490	78,929600	79,119200	0,000000	0,183600	-0,088800	78,929600	0,000000	48,562500	5,047164	17,384214	19,249372	-0,267420	19,910000	20,070000	21,490000	-29,840114	0,000000	-21,443573	0,000000	0,000000	0,052434	0,000000	0,000000
15/02/2016	15:32	77,500000	80,000000	0,275000	0,400000	15,000000	20,000000	2,000000	30,000000	4,000000	2,000000	78,663111	78,790333	0,000000	-0,473167	79,007500	79,263500	0,000000	0,155800	-0,027800	79,007500	0,000000	48,640600	5,100952	17,500109	19,249372	-0,256121	20,070000	20,130000	21,490000	-29,879064	0,000000	-21,497647	0,000000	0,000000	0,052544	0,000000	0,000000
15/02/2016	15:32	78,000000	80,000000	0,275000	0,400000	15,000000	20,000000	2,000000	30,000000	4,000000	2,000000	78,696119	78,820200	0,000000	-0,081800	79,030400	78,902000	0,000000	0,045800	-0,110000	79,030400	0,000000	48,664100	5,083023	17,500109	19,249372	-0,267420	20,130000	20,070000	21,490000	-29,890514	0,000000	-21,551104	0,000000	0,000000	0,052653	0,000000	0,000000
15/02/2016	15:33	78,500000	80,000000	0,275000	0,400000	15,000000	20,000000	2,000000	30,000000	4,000000	2,000000	78,728312	78,849329	0,000000	-0,518771	79,078100	79,368100	0,000000	0,095400	0,049600	79,078100	0,000000	48,750000	5,100952	17,616004	19,502653	-0,290019	20,070000	19,970000	21,510000	-29,787723	0,000000	-21,603235	0,000000	0,000000	0,052763	-1,000000	0,000000
15/02/2016	15:33	79,000000	80,000000	0,275000	0,400000	15,000000	20,000000	2,000000	30,000000	4,000000	2,000000	78,759710	78,877739	4,684810	1,419639	78,919300	77,458100	1,000000	-0,317600	-0,413000	78,919300	9,249756	48,773400	5,065093	17,616004	19,249372	-0,308851	19,970000	19,890000	21,530000	-29,834964	0,000000	-21,655007	0,000000	0,000000	0,053241	1,000000	0,000000
15/02/2016	15:34	79,500000	80,000000	0,275000	0,400000	15,000000	20,000000	2,000000	30,000000	4,000000	2,000000	78,790333	78,905448	7,477959	2,266048	78,595400	76,639400	1,000000	-0,647800	-0,330200	78,595400	9,208692	48,781300	5,029234	17,500109	19,249372	-0,259887	19,890000	20,130000	21,510000	-29,673014	0,000000	-21,705119	0,000000	0,000000	0,053935	2,000000	0,000000
15/02/2016	15:34	80,000000	80,000000	0,275000	0,400000	15,000000	20,000000	2,000000	30,000000	4,000000	2,000000	78,820200	78,932473	0,000000	-0,767727	78,574200	79,700200	0,000000	-0,042400	0,605400	78,574200	0,000000	48,796900	5,047164	17,616004	19,376013	-0,282486	20,130000	20,030000	21,530000	-29,599094	0,000000	-21,754150	0,000000	0,000000	0,054045	-1,000000	0,000000
15/02/2016	15:35	80,500000	80,000000	0,275000	0,400000	15,000000	20,000000	2,000000	30,000000	4,000000	2,000000	78,849329	78,958830	1,155759	0,350230	78,568600	78,608600	1,000000	-0,011200	0,031200	78,568600	9,516675	48,828100	5,047164	17,500109	19,249372	-0,282486	20,030000	20,050000	21,550000	-29,659614	0,000000	-21,802949	0,000000	0,000000	0,054248	0,000000	0,000000
15/02/2016	15:35	81,000000	80,000000	0,275000	0,400000	15,000000	20,000000	2,000000	30,000000	4,000000	2,000000	78,877739	78,984537	0,832381	0,252237	78,584300	78,732300	1,000000	0,031400	0,042600	78,584300	9,331885	48,843800	5,047164	17,616004	19,502653	-0,271186	20,050000	20,090000	21,530000	-29,540823	0,000000	-21,850421	0,000000	0,000000	0,054424	0,000000	0,000000
15/02/2016	15:36	81,500000	80,000000	0,275000	0,400000	15,000000	20,000000	2,000000	30,000000	4,000000	2,000000	78,905448	79,009609	0,984088	0,298209	78,605400	78,711400	1,000000	0,042200	0,010800	78,605400	9,516675	48,828100	5,065093	17,616004	19,502653	-0,278719	20,090000	20,070000	21,550000	-29,551373	0,000000	-21,897378	0,000000	0,000000	0,054613	0,000000	0,000000
15/02/2016	15:36	82,000000	80,000000	0,275000	0,400000	15,000000	20,000000	2,000000	30,000000	4,000000	2,000000	78,932473	79,034061	0,300173	0,090961	78,652300	78,943100	1,000000	0,093800	0,051600	78,652300	9,547473	48,875000	5,029234	17,616004	19,249372	-0,241055	20,070000	20,270000	21,550000	-29,701464	0,000000	-21,944675	0,000000	0,000000	0,054747	0,000000	0,000000
15/02/2016	15:37	82,500000	80,000000	0,275000	0,400000	15,000000	20,000000	2,000000	30,000000	4,000000	2,000000	78,958830	79,057911	1,494275	0,452811	78,667900	78,605100	1,000000	0,031200	-0,062600	78,667900	9,496142	48,890600	5,083023	17,616004	19,502653	-0,248588	20,270000	20,250000	21,570000	-29,582623	0,000000	-21,990687	0,000000	0,000000	0,054977	0,000000	0,000000
15/02/2016	15:37	83,000000	80,000000	0,275000	0,400000	15,000000	20,000000	2,000000	30,000000	4,000000	2,000000	78,984537	79,081171	1,569714	0,475671	78,667900	78,605500	1,000000	0,000000	-0,031200	78,667900	9,496142	48,890600	5,083023	17,500109	19,249372	-0,316384	20,250000	19,890000	21,570000	-29,709264	0,000000	-22,036906	0,000000	0,000000	0,055213	0,000000	0,000000
15/02/2016	15:38	83,500000	80,000000	0,275000	0,400000	15,000000	20,000000	2,000000	30,000000	4,000000	2,000000	79,009609	79,103857	0,972367	0,294657	78,683600	78,809200	1,000000	0,031400	0,031400	78,683600	9,578271	48,906300	5,065093	17,616004	19,249372	-0,301318	19,890000	19,990000	21,590000	-29,717114	0,000000	-22,082622	0,000000	0,000000	0,055402	0,000000	0,000000
15/02/2016	15:38	84,000000	80,000000	0,275000	0,400000	15,000000	20,000000	2,000000	30,000000	4,000000	2,000000	79,034061	79,125983	0,508803	0,154183	78,722600	78,971800	1,000000	0,078000	0,046600	78,722600	9,619336	48,945300	5,136811	17,616004	19,376013	-0,259887	19,990000	20,210000	21,590000	-29,673294	0,000000	-22,127537	0,000000	0,000000	0,055553	0,000000	0,000000
15/02/2016	15:39	84,500000	80,000000	0,275000	0,400000	15,000000	20,000000	2,000000	30,000000	4,000000	2,000000	79,057911	79,147562	2,612155	0,791562	78,699200	78,356000	1,000000	-0,046800	-0,124800	78,699200	9,249756	48,921900	5,100952	17,616004	19,502653	-0,274953	20,210000	20,130000	21,590000	-29,598273	0,000000	-22,171482	0,000000	0,000000	0,055868	1,000000	0,000000
15/02/2016	15:39	85,000000	80,000000	0,275000	0,400000	15,000000	20,000000	2,000000	30,000000	4,000000	2,000000	79,081171	79,168609	0,000000	-0,116491	78,753900	79,285100	0,000000	0,109400	0,156200	78,753900	0,000000	48,976600	5,118882	17,616004	19,755935	-0,259887	20,130000	20,230000	21,610000	-29,498983	0,000000	-22,214333	0,000000	0,000000	0,055978	0,000000	0,000000
15/02/2016	15:40	85,500000	80,000000	0,275000	0,400000	15,000000	20,000000	2,000000	30,000000	4,000000	2,000000	79,103857	79,189136	2,389979	0,724236	78,746100	78,464900	1,000000	-0,015600	-0,125000	78,746100	9,260022	48,968800	5,083023	17,616004	19,629294	-0,252354	20,230000	20,270000	21,610000	-29,558403	0,000000	-22,257031	0,000000	0,000000	0,056275	1,000000	0,000000
