Date	heure	t	Tu	I	G	tm	tau	ta	p	Vc	Ac	Tc	Tcf	Dich	e	T	Tf	Ach	Vm	T 1051	Ieff	Ambient	5V	T1	T2	E	T surf
30/10/2012	20:43	0	80	0,275	0,4	15	20	2	30	4	2	22,2536	27,748897	8,25	96,979297	21,9792	-69,2304	1	-0,5488	21,9792	9,229224	20,0547	0,295488	0,463579	0,350158	6,320161	0
30/10/2012	20:43	0,5	80	0,275	0,4	15	20	2	30	4	2	23,679364	29,038981	8,25	9,508181	21,5852	19,5308	1	-0,788	21,5852	9,023902	20,4063	0,429379	0,463579	0,466878	6,248442	36,478924
30/10/2012	20:44	1	80	0,275	0,4	15	20	2	30	4	2	25,069925	30,297213	8,25	10,372413	21,2256	19,9248	1	-0,7192	21,2256	9,167627	20,6797	0,447401	0,463579	0,350158	6,248442	25,86
30/10/2012	20:44	1,5	80	0,275	0,4	15	20	2	30	4	2	26,426154	31,524379	8,25	12,691679	20,7999	18,8327	1	-0,8514	20,7999	9,167627	20,8906	0,387947	0,463579	0,350158	6,230513	27,638906
30/10/2012	20:45	2	80	0,275	0,4	15	20	2	30	4	2	27,748897	32,721246	8,25	13,488246	20,4366	19,233	1	-0,7266	20,4366	9,034168	21,0547	0,324848	0,463579	0,350158	6,212583	26,14
30/10/2012	20:45	2,5	80	0,275	0,4	15	20	2	30	4	2	29,038981	33,888563	8,25	15,442163	20,054	18,4464	1	-0,7652	20,054	9,188159	21,2344	0,302161	0,463579	0,466878	6,230513	34,288513
30/10/2012	20:46	3	80	0,275	0,4	15	20	2	30	4	2	30,297213	35,027058	8,25	13,545258	20,0426	21,4818	1	-0,0228	20,0426	9,188159	21,2969	0,364663	0,463579	0,350158	6,176724	36,552236
30/10/2012	20:46	3,5	80	0,275	0,4	15	20	2	30	4	2	31,524379	36,137444	8,25	15,236544	20,1329	20,9009	1	0,1806	20,1329	9,208692	21,4219	0,287074	0,463579	0,350158	6,194654	31,047291
30/10/2012	20:47	4	80	0,275	0,4	15	20	2	30	4	2	32,721246	37,220415	8,25	16,172515	20,2747	21,0479	1	0,2836	20,2747	9,136829	21,5234	0,320845	0,463579	0,466878	6,212583	38,438743
30/10/2012	20:47	4,5	80	0,275	0,4	15	20	2	30	4	2	33,888563	38,276646	8,25	17,600746	20,3823	20,6759	1	0,2152	20,3823	9,126563	21,5547	0,275275	0,463579	0,350158	6,212583	35,141464
30/10/2012	20:48	5	80	0,275	0,4	15	20	2	30	4	2	35,027058	39,3068	8,25	13,3996	21,044	25,9072	1	1,3234	21,044	9,147095	21,6484	0,274267	0,463579	0,466878	6,194654	40,136896
30/10/2012	20:48	5,5	80	0,275	0,4	15	20	2	30	4	2	36,137444	40,311518	8,25	15,311918	21,7776	24,9996	1	1,4672	21,7776	9,167627	21,7188	0,230622	0,463579	0,466878	6,212583	42,43973
30/10/2012	20:49	6	80	0,275	0,4	15	20	2	30	4	2	37,220415	41,29143	8,25	11,57893	22,9853	29,7125	0	2,4154	22,9853	0	21,7969	0,190174	0,463579	0,350158	4,975446	50,55498
30/10/2012	20:49	6,5	80	0,275	0,4	15	20	2	30	4	2	38,276646	42,247148	8,25	10,533248	24,4919	31,7139	0	3,0132	24,4919	0	21,8906	0,208524	0,463579	0,233439	4,939586	62,54447
30/10/2012	20:50	7	80	0,275	0,4	15	20	2	30	4	2	39,3068	43,17927	8,25	10,08427	26,1174	33,095	1	3,251	26,1174	8,962305	21,9531	0,204671	0,463579	0,233439	6,212583	63,907805
30/10/2012	20:50	7,5	80	0,275	0,4	15	20	2	30	4	2	40,311518	44,088377	8,25	8,449377	27,8978	35,639	0	3,5608	27,8978	0	22,0547	0,2085	0,463579	0,466878	4,957516	64,346446
30/10/2012	20:51	8	80	0,275	0,4	15	20	2	30	4	2	41,29143	44,975038	8,25	13,532938	29,0829	31,4421	1	2,3702	29,0829	9,208692	22,1719	0,200317	0,463579	0,466878	6,248442	65,707382
30/10/2012	20:51	8,5	80	0,275	0,4	15	20	2	30	4	2	42,247148	45,839807	8,25	12,901407	30,038	32,9384	1	1,9102	30,038	8,962305	22,2969	0,199368	0,463579	0,116719	6,158795	69,994701
30/10/2012	20:52	9	80	0,275	0,4	15	20	2	30	4	2	43,17927	46,683225	8,25	13,720125	30,7875	32,9631	1	1,499	30,7875	9,167627	22,4609	0,197116	0,463579	0,350158	6,212583	72,527871
30/10/2012	20:52	9,5	80	0,275	0,4	15	20	2	30	4	2	44,088377	47,50582	8,25	12,63692	31,5741	34,8689	1	1,5732	31,5741	9,167627	22,625	0,205174	0,463579	0,466878	6,194654	74,678982
30/10/2012	20:53	10	80	0,275	0,4	15	20	2	30	4	2	44,975038	48,308104	8,25	3,425704	33,4024	44,8824	0	3,6566	33,4024	0	22,7891	0,195597	0,463579	0,233439	4,921657	75,41082
30/10/2012	20:53	10,5	80	0,275	0,4	15	20	2	30	4	2	45,839807	49,090579	0	-2,550521	36,2415	51,6411	0	5,6782	36,2415	0	23,0391	0,208817	0,463579	0,350158	4,957516	81,6
30/10/2012	20:53	11	80	0,275	0,4	15	20	2	30	4	2	46,683225	49,853736	0	-1,857664	39,2222	51,7114	0	5,9614	39,2222	0	23,2188	0,202988	0,463579	0,233439	4,939586	79,18
30/10/2012	20:54	11,5	80	0,275	0,4	15	20	2	30	4	2	47,50582	50,59805	1,302014	0,39455	41,7671	50,2035	1	5,0898	41,7671	9,434546	23,5156	0,206642	0,463579	0,466878	6,176724	81,54
30/10/2012	20:55	12	80	0,275	0,4	15	20	2	30	4	2	48,308104	51,323986	8,25	5,577686	43,3403	45,7463	1	3,1464	43,3403	9,177893	23,8359	0,206642	0,463579	0,350158	6,122936	80,34
30/10/2012	20:55	12,5	80	0,275	0,4	15	20	2	30	4	2	49,090579	52,032	8,25	6,565	44,2758	45,467	1	1,871	44,2758	9,085498	24,1484	0,206944	0,463579	0,116719	6,158795	80,5
30/10/2012	20:56	13	80	0,275	0,4	15	20	2	30	4	2	49,853736	52,722532	5,732206	1,737032	45,4371	50,9855	1	2,3226	45,4371	9,198426	24,5078	0,208617	0,463579	0,233439	6,176724	81,58
30/10/2012	20:56	13,5	80	0,275	0,4	15	20	2	30	4	2	50,59805	53,396015	0	-3,360985	47,211	56,757	0	3,5478	47,211	0	24,8203	0,214263	0,463579	0,466878	4,957516	81,2
30/10/2012	20:56	14	80	0,275	0,4	15	20	2	30	4	2	51,323986	54,05287	0	-1,23653	48,897	55,2894	0	3,372	48,897	0	25,2031	0,214225	0,463579	0,116719	4,957516	82,089614
30/10/2012	20:57	14,5	80	0,275	0,4	15	20	2	30	4	2	52,032	54,693507	0,465983	0,141207	50,2747	54,5523	1	2,7554	50,2747	9,578271	25,5859	0,214257	0,463579	0,466878	6,140865	82,853413
30/10/2012	20:58	15	80	0,275	0,4	15	20	2	30	4	2	52,722532	55,318326	8,25	6,025626	50,7779	49,2927	1	1,0064	50,7779	9,188159	26,0156	0,214235	0,463579	0,233439	6,140865	82,404428
30/10/2012	20:58	15,5	80	0,275	0,4	15	20	2	30	4	2	53,396015	55,927719	8,25	8,388419	50,6417	47,5393	1	-0,2724	50,6417	9,188159	26,3672	0,214225	0,463579	0,350158	6,212583	82,943732
30/10/2012	20:59	16	80	0,275	0,4	15	20	2	30	4	2	54,05287	56,522066	8,25	4,512066	50,7332	52,01	1	0,183	50,7332	9,00337	26,6875	0,214138	0,463579	0,350158	6,140865	83,233413
30/10/2012	20:59	16,5	80	0,275	0,4	15	20	2	30	4	2	54,693507	57,101738	8,25	7,006338	50,703	50,0954	1	-0,0604	50,703	9,157361	27,0703	0,214057	0,463579	0,466878	6,230513	84,891551
30/10/2012	21:00	17	80	0,275	0,4	15	20	2	30	4	2	55,318326	57,667098	8,25	4,224298	50,994	53,4428	1	0,582	50,994	9,177893	27,3984	0,213867	0,463579	0,116719	6,176724	86,415922
30/10/2012	21:00	17,5	80	0,275	0,4	15	20	2	30	4	2	55,927719	58,218499	8,25	5,876599	51,2731	52,3419	1	0,5582	51,2731	9,00337	27,7578	0,213694	0,463579	0,350158	6,158795	89,883665
30/10/2012	21:01	18	80	0,275	0,4	15	20	2	30	4	2	56,522066	58,756287	8,25	4,469487	51,732	54,2868	1	0,9178	51,732	9,188159	28,1172	0,213531	0,463579	0,350158	6,158795	93,071341
30/10/2012	21:01	18,5	80	0,275	0,4	15	20	2	30	4	2	57,101738	59,280796	6,858046	2,078196	52,5438	57,2026	1	1,6236	52,5438	9,208692	28,3828	0,213287	0,463579	0,116719	6,122936	96,033032
30/10/2012	21:02	19	80	0,275	0,4	15	20	2	30	4	2	57,667098	59,792355	7,208041	2,184255	53,4673	57,6081	1	1,847	53,4673	9,208692	28,6797	0,213043	0,463579	0,116719	6,158795	100,473748
30/10/2012	21:02	19,5	80	0,275	0,4	15	20	2	30	4	2	58,218499	60,291283	0	-3,239417	54,9959	63,5307	0	3,0572	54,9959	0	29,0547	0,212848	0,463579	0,233439	4,957516	104,924308
30/10/2012	21:02	20	80	0,275	0,4	15	20	2	30	4	2	58,756287	60,777893	0	-0,522707	56,3758	61,3006	0	2,7598	56,3758	0	29,3359	0,213195	0,463579	0,350158	4,975446	108,499867
30/10/2012	21:03	20,5	80	0,275	0,4	15	20	2	30	4	2	59,280796	61,252489	0	-2,899411	57,8531	64,1519	0	2,9546	57,8531	0	29,625	0,213238	0,463579	0	4,939586	102,481023
30/10/2012	21:03	21	80	0,275	0,4	15	20	2	30	4	2	59,792355	61,715366	0	-3,965234	59,3794	65,6806	0	3,0526	59,3794	0	29,9844	0,212875	0,463579	0,116719	4,939586	101,855072
30/10/2012	21:04	21,5	80	0,275	0,4	15	20	2	30	4	2	60,291283	62,166816	0	-4,600184	60,8786	66,767	0	2,9984	60,8786	0	30,2891	0,213163	0,463579	0,350158	4,975446	108,419549
30/10/2012	21:04	22	80	0,275	0,4	15	20	2	30	4	2	60,777893	62,607119	0	-6,036581	62,4077	68,6437	0	3,0582	62,4077	0	30,5781	0,213206	0,463579	0,350158	4,957516	103,435691
30/10/2012	21:05	22,5	80	0,275	0,4	15	20	2	30	4	2	61,252489	63,03655	0	-6,44965	63,8738	69,4862	0	2,9322	63,8738	0	30,9531	0,213146	0,463579	0,350158	4,957516	102,809506
30/10/2012	21:05	23	80	0,275	0,4	15	20	2	30	4	2	61,715366	63,455379	0	-8,423921	65,4149	71,8793	0	3,0822	65,4149	0	31,2656	0,213033	0,463579	0,233439	4,957516	103,963091
30/10/2012	21:06	23,5	80	0,275	0,4	15	20	2	30	4	2	62,166816	63,863868	0	-8,726432	66,8971	72,5903	0	2,9644	66,8971	0	31,6641	0,21313	0,463579	0,350158	4,975446	106,096118
30/10/2012	21:06	24	80	0,275	0,4	15	20	2	30	4	2	62,607119	64,26227	0	-4,87353	67,8046	69,1358	0	1,815	67,8046	0	31,9844	0,213271	0,463579	0,350158	4,939586	104,470535
30/10/2012	21:07	24,5	80	0,275	0,4	15	20	2	30	4	2	63,03655	64,650836	0	-7,304264	68,6691	71,9551	0	1,729	68,6691	0	32,3125	0,213298	0,463579	0,116719	4,957516	102,100812
30/10/2012	21:07	25	80	0,275	0,4	15	20	2	30	4	2	63,455379	65,029808	0	-4,146692	69,1097	69,1765	0	0,8812	69,1097	0	32,6875	0,213428	0,463579	0,116719	4,957516	101,722397
30/10/2012	21:08	25,5	80	0,275	0,4	15	20	2	30	4	2	63,863868	65,399424	0	-5,736876	69,5307	71,1363	0	0,842	69,5307	0	32,9609	0,213536	0,463579	0,233439	4,957516	99,507692
30/10/2012	21:08	26	80	0,275	0,4	15	20	2	30	4	2	64,26227	65,759913	0	-4,382687	69,7858	70,1426	0	0,5102	69,7858	0	33,2969	0,213645	0,463579	0,466878	4,975446	97,697572
30/10/2012	21:09	26,5	80	0,275	0,4	15	20	2	30	4	2	64,650836	66,111502	0	-4,126298	69,9494	70,2378	0	0,3272	69,9494	0	33,5781	0,213634	0,463579	0,350158	4,975446	95,889391
30/10/2012	21:09	27	80	0,275	0,4	15	20	2	30	4	2	65,029808	66,45441	0	-2,73709	69,9379	69,1915	0	-0,023	69,9379	0	33,9063	0,213807	0,463579	0,350158	4,975446	96,180122
30/10/2012	21:10	27,5	80	0,275	0,4	15	20	2	30	4	2	65,399424	66,788852	0	-2,651448	69,8775	69,4403	0	-0,1208	69,8775	0	34,1797	0,213834	0,463579	0,350158	4,975446	93,210746
30/10/2012	21:10	28	80	0,275	0,4	15	20	2	30	4	2	65,759913	67,115037	0	-0,700063	69,6215	67,8151	0	-0,512	69,6215	0	34,4766	0,213921	0,463579	0,116719	4,993375	92,794727
30/10/2012	21:11	28,5	80	0,275	0,4	15	20	2	30	4	2	66,111502	67,433167	0,121002	0,036667	69,2605	67,3965	1	-0,722	69,2605	9,701465	34,7422	0,213997	0,463579	0,233439	6,212583	91,332279
30/10/2012	21:11	29	80	0,275	0,4	15	20	2	30	4	2	66,45441	67,743444	2,782704	0,843244	68,8378	66,9002	1	-0,8454	68,8378	9,331885	35,0156	0,214073	0,463579	0,350158	6,194654	90,081148
30/10/2012	21:12	29,5	80	0,275	0,4	15	20	2	30	4	2	66,788852	68,046059	8,25	3,827359	68,1367	64,2187	1	-1,4022	68,1367	9,23949	35,2188	0,214122	0,463579	0,466878	6,248442	88,790961
30/10/2012	21:13	30	80	0,275	0,4	15	20	2	30	4	2	67,115037	68,341203	4,13194	1,252103	67,7087	67,0891	1	-0,856	67,7087	9,270288	35,4141	0,214132	0,463579	0,233439	6,230513	87,956338
30/10/2012	21:13	30,5	80	0,275	0,4	15	20	2	30	4	2	67,433167	68,62906	1,198097	0,36306	67,5804	68,266	1	-0,2566	67,5804	9,414014	35,6172	0,214062	0,463579	0,116719	6,212583	87,846475
30/10/2012	21:13	31	80	0,275	0,4	15	20	2	30	4	2	67,743444	68,909809	0	-0,014491	67,6727	68,9243	0	0,1846	67,6727	0	35,8203	0,21404	0,347684	0,116719	4,957516	89,10093
30/10/2012	21:14	31,5	80	0,275	0,4	15	20	2	30	4	2	68,046059	69,183627	0	-1,790973	68,0806	70,9746	0	0,8158	68,0806	0	35,8984	0,214035	0,463579	0,466878	4,957516	89,540926
30/10/2012	21:14	32	80	0,275	0,4	15	20	2	30	4	2	68,341203	69,450684	2,335028	0,707584	68,3355	68,7431	1	0,5098	68,3355	9,311353	36,0859	0,214067	0,463579	0,350158	6,194654	89,655937
30/10/2012	21:15	32,5	80	0,275	0,4	15	20	2	30	4	2	68,62906	69,711148	2,302897	0,697848	68,5241	69,0133	1	0,3772	68,5241	9,311353	36,2422	0,214132	0,463579	0,116719	6,194654	89,125943
30/10/2012	21:15	33	80	0,275	0,4	15	20	2	30	4	2	68,909809	69,96518	1,414975	0,42878	68,7204	69,5364	1	0,3926	68,7204	9,218958	36,4063	0,2141	0,347684	0,233439	6,194654	88,026475
30/10/2012	21:16	33,5	80	0,275	0,4	15	20	2	30	4	2	69,183627	70,212941	0	-0,065859	68,9808	70,2788	0	0,5208	68,9808	0	36,5625	0,214132	0,463579	0	4,921657	88,616123
30/10/2012	21:16	34	80	0,275	0,4	15	20	2	30	4	2	69,450684	70,454584	1,950908	0,591184	69,1946	69,8634	1	0,4276	69,1946	9,321619	36,7031	0,214105	0,463579	0,233439	6,194654	88,086475
30/10/2012	21:17	34,5	80	0,275	0,4	15	20	2	30	4	2	69,711148	70,690261	6,629243	2,008861	69,2326	68,6814	1	0,076	69,2326	9,198426	36,8516	0,214165	0,347684	0,116719	6,230513	88,621169
30/10/2012	21:18	35	80	0,275	0,4	15	20	2	30	4	2	69,96518	70,92012	3,620165	1,09702	69,3151	69,8231	1	0,165	69,3151	9,249756	37,0078	0,214089	0,463579	0,350158	6,158795	87,597001
30/10/2012	21:18	35,5	80	0,275	0,4	15	20	2	30	4	2	70,212941	71,144303	0	-2,473997	69,8299	73,6183	0	1,0296	69,8299	0	37,1172	0,21403	0,463579	0,116719	4,939586	88,946044
30/10/2012	21:18	36	80	0,275	0,4	15	20	2	30	4	2	70,454584	71,362951	1,477247	0,447651	70,1793	70,9153	1	0,6988	70,1793	9,414014	37,25	0,213986	0,463579	0,350158	6,176724	90,010953
30/10/2012	21:19	36,5	80	0,275	0,4	15	20	2	30	4	2	70,690261	71,5762	0	-2,0997	70,7231	73,6759	0	1,0876	70,7231	0	37,3281	0,214035	0,463579	0,466878	4,957516	90,791252
30/10/2012	21:19	37	80	0,275	0,4	15	20	2	30	4	2	70,92012	71,784185	0	-2,995315	71,4155	74,7795	0	1,3848	71,4155	0	37,4375	0,21403	0,463579	0,233439	4,939586	89,935937
30/10/2012	21:20	37,5	80	0,275	0,4	15	20	2	30	4	2	71,144303	71,987034	0,045651	0,013834	71,7852	71,9732	1	0,7394	71,7852	0	37,5859	0,214095	0,463579	0,233439	6,409808	90,050953
30/10/2012	21:20	38	80	0,275	0,4	15	20	2	30	4	2	71,362951	72,184875	0	-1,393025	72,1487	73,5779	0	0,727	72,1487	0	37,6953	0,214127	0,347684	0,116719	4,957516	88,931081
30/10/2012	21:21	38,5	80	0,275	0,4	15	20	2	30	4	2	71,5762	72,377831	4,289111	1,299731	72,1913	71,0781	1	0,0852	72,1913	9,249756	37,8125	0,214105	0,463579	0,116719	6,230513	88,381404
30/10/2012	21:22	39	80	0,275	0,4	15	20	2	30	4	2	71,784185	72,566023	8,25	2,695223	71,9524	69,8708	1	-0,4778	71,9524	9,177893	37,9375	0,214089	0,463579	0,466878	6,194654	88,761169
30/10/2012	21:22	39,5	80	0,275	0,4	15	20	2	30	4	2	71,987034	72,749568	0	-0,943232	72,0396	73,6928	0	0,1744	72,0396	0	38,0625	0,214089	0,463579	0,233439	4,993375	89,106044
30/10/2012	21:22	40	80	0,275	0,4	15	20	2	30	4	2	72,184875	72,928582	0	-4,031718	72,6251	76,9603	0	1,171	72,6251	0	38,1094	0,214143	0,347684	0,350158	4,975446	89,126044
30/10/2012	21:23	40,5	80	0,275	0,4	15	20	2	30	4	2	72,377831	73,103176	0	-3,056924	73,2781	76,1601	0	1,306	73,2781	0	38,2188	0,214089	0,463579	0	4,957516	88,196631
30/10/2012	21:23	41	80	0,275	0,4	15	20	2	30	4	2	72,566023	73,273459	0	-1,552441	73,7403	74,8259	0	0,9244	73,7403	0	38,3125	0,214143	0,463579	0	4,957516	89,186044
30/10/2012	21:24	41,5	80	0,275	0,4	15	20	2	30	4	2	72,749568	73,439538	0	-1,736062	74,1052	75,1756	0	0,7298	74,1052	0	38,4219	0,214122	0,347684	0	4,939586	88,276631
30/10/2012	21:25	42	80	0,275	0,4	15	20	2	30	4	2	72,928582	73,601516	8,25	3,385916	73,8352	70,2156	1	-0,54	73,8352	9,116297	38,5547	0,214143	0,463579	0,233439	6,248442	88,676338
30/10/2012	21:25	42,5	80	0,275	0,4	15	20	2	30	4	2	73,103176	73,759496	0	-0,741704	73,7892	74,5012	0	-0,092	73,7892	0	38,6563	0,213694	0,347684	0,116719	4,957516	88,356631
30/10/2012	21:25	43	80	0,275	0,4	15	20	2	30	4	2	73,273459	73,913574	0	-2,155726	74,0221	76,0693	0	0,4658	74,0221	0	38,7422	0,213742	0,463579	0,233439	4,957516	96,291341
30/10/2012	21:26	43,5	80	0,275	0,4	15	20	2	30	4	2	73,439538	74,063849	0	-3,186451	74,4843	77,2503	0	0,9244	74,4843	0	38,7734	0,213824	0,463579	0,350158	4,975446	95,453682
30/10/2012	21:26	44	80	0,275	0,4	15	20	2	30	4	2	73,601516	74,210413	0,733302	0,222213	74,6346	73,9882	1	0,3006	74,6346	9,578271	38,8906	0,21378	0,463579	0	6,212583	94,04512
30/10/2012	21:27	44,5	80	0,275	0,4	15	20	2	30	4	2	73,759496	74,353358	0	-0,141742	74,6859	74,4951	0	0,1026	74,6859	0	38,9063	0,213845	0,347684	0,350158	4,957516	94,866885
30/10/2012	21:27	45	80	0,275	0,4	15	20	2	30	4	2	73,913574	74,492774	0	-0,164326	74,7055	74,6571	0	0,0392	74,7055	0	39	0,213824	0,23179	0,116719	4,939586	93,744354
30/10/2012	21:28	45,5	80	0,275	0,4	15	20	2	30	4	2	74,063849	74,628748	0	-0,684152	74,7817	75,3129	0	0,1524	74,7817	0	39,0781	0,213845	0,463579	0,466878	4,957516	94,14512
30/10/2012	21:29	46	80	0,275	0,4	15	20	2	30	4	2	74,210413	74,761365	6,768844	2,051165	74,5854	72,7102	1	-0,3926	74,5854	9,177893	39,1719	0,213916	0,463579	0,233439	6,212583	93,824354
30/10/2012	21:29	46,5	80	0,275	0,4	15	20	2	30	4	2	74,353358	74,890707	3,792054	1,149107	74,4044	73,7416	1	-0,362	74,4044	9,188159	39,2813	0,213862	0,463579	0,116719	6,194654	92,607396
30/10/2012	21:29	47	80	0,275	0,4	15	20	2	30	4	2	74,492774	75,016856	0	-0,267244	74,4217	75,2841	0	0,0346	74,4217	0	39,3359	0,213878	0,347684	0	4,975446	93,57883
30/10/2012	21:30	47,5	80	0,275	0,4	15	20	2	30	4	2	74,628748	75,13989	0	-0,15491	74,5264	75,2948	0	0,2094	74,5264	0	39,4063	0,213889	0,463579	0,116719	4,975446	93,333349
30/10/2012	21:30	48	80	0,275	0,4	15	20	2	30	4	2	74,761365	75,259887	0	-4,141513	75,1146	79,4014	0	1,1764	75,1146	0	39,4531	0,213818	0,463579	0,466878	4,957516	93,143052
30/10/2012	21:31	48,5	80	0,275	0,4	15	20	2	30	4	2	74,890707	75,376921	2,793848	0,846621	75,3111	74,5303	1	0,393	75,3111	9,147095	39,5391	0,213889	0,463579	0,350158	6,248442	94,380324
30/10/2012	21:31	49	80	0,275	0,4	15	20	2	30	4	2	75,016856	75,491065	0	-0,590135	75,484	76,0812	0	0,3458	75,484	0	39,6016	0,213889	0,463579	0,116719	4,939586	93,203052
30/10/2012	21:32	49,5	80	0,275	0,4	15	20	2	30	4	2	75,13989	75,602391	0,75138	0,227691	75,5487	75,3747	1	0,1294	75,5487	9,372949	39,7031	0,21391	0,347684	0	6,248442	93,203052
30/10/2012	21:32	50	80	0,275	0,4	15	20	2	30	4	2	75,259887	75,710968	0,094605	0,028668	75,5923	75,6823	1	0,0872	75,5923	9,6604	39,8203	0,213878	0,463579	0,116719	6,212583	92,842517
30/10/2012	21:33	50,5	80	0,275	0,4	15	20	2	30	4	2	75,376921	75,816865	2,112544	0,640165	75,5655	75,1767	1	-0,0536	75,5655	9,393482	39,8672	0,213856	0,463579	0,350158	6,212583	93,433349
30/10/2012	21:33	51	80	0,275	0,4	15	20	2	30	4	2	75,491065	75,920147	0	-0,264653	75,6224	76,1848	0	0,1138	75,6224	0	39,9609	0,213883	0,463579	0,350158	4,939586	93,854
30/10/2012	21:34	51,5	80	0,275	0,4	15	20	2	30	4	2	75,602391	76,020879	6,25079	1,894179	75,4815	74,1267	1	-0,2818	75,4815	9,270288	40,0781	0,21391	0,463579	0,233439	6,158795	93,378198
30/10/2012	21:35	52	80	0,275	0,4	15	20	2	30	4	2	75,710968	76,119124	8,25	2,516624	75,2101	73,6025	1	-0,5428	75,2101	9,229224	40,1016	0,213878	0,463579	0,466878	6,230513	92,922517
30/10/2012	21:35	52,5	80	0,275	0,4	15	20	2	30	4	2	75,816865	76,214943	0	-3,578157	75,5987	79,7931	0	0,7772	75,5987	0	40,1953	0,21365	0,347684	0	4,975446	93,513349
30/10/2012	21:35	53	80	0,275	0,4	15	20	2	30	4	2	75,920147	76,308396	0	-6,141004	76,5326	82,4494	0	1,8678	76,5326	0	40,2578	0,213623	0,463579	0,350158	4,975446	97,534033
30/10/2012	21:36	53,5	80	0,275	0,4	15	20	2	30	4	2	76,020879	76,399542	0	-5,689958	77,5651	82,0895	0	2,065	77,5651	0	40,3203	0,213672	0,23179	0	4,975446	98,010872
30/10/2012	21:36	54	80	0,275	0,4	15	20	2	30	4	2	76,119124	76,488438	0	-3,906362	78,3384	80,3948	0	1,5466	78,3384	0	40,3672	0,213769	0,463579	0,350158	4,939586	97,192648
30/10/2012	21:37	54,5	80	0,275	0,4	15	20	2	30	4	2	76,214943	76,575139	0	-3,443661	78,8688	80,0188	0	1,0608	78,8688	0	40,4922	0,21371	0,463579	0,233439	4,939586	95,477374
30/10/2012	21:37	55	80	0,275	0,4	15	20	2	30	4	2	76,308396	76,659699	0	-2,009901	79,0824	78,6696	0	0,4272	79,0824	0	40,5234	0,213748	0,463579	0,116719	4,957516	96,565411
30/10/2012	21:38	55,5	80	0,275	0,4	15	20	2	30	4	2	76,399542	76,742171	0	-1,966429	79,1358	78,7086	0	0,1068	79,1358	0	40,5781	0,213862	0,347684	0,116719	4,939586	95,918411
30/10/2012	21:38	56	80	0,275	0,4	15	20	2	30	4	2	76,488438	76,822607	0	-1,998793	79,1246	78,8214	0	-0,0224	79,1246	0	40,6406	0,213894	0,463579	0,350158	4,939586	93,93883
30/10/2012	21:39	56,5	80	0,275	0,4	15	20	2	30	4	2	76,575139	76,901057	0,636193	0,578357	78,8083	76,3227	1	-0,6326	78,8083	9,434546	40,7266	0,213872	0,463579	0,350158	6,230513	93,407911
30/10/2012	21:39	57	80	0,275	0,4	15	20	2	30	4	2	76,659699	76,97757	0	-2,78363	78,7736	79,7612	0	-0,0694	78,7736	0	40,7656	0,213932	0,463579	0,116719	4,939586	93,788504
30/10/2012	21:40	57,5	80	0,275	0,4	15	20	2	30	4	2	76,742171	77,052194	1,424714	1,295194	78,423	75,757	1	-0,7012	78,423	9,516675	40,8203	0,213932	0,463579	0,350158	6,212583	92,74206
30/10/2012	21:40	58	80	0,275	0,4	15	20	2	30	4	2	76,822607	77,124976	0	-1,816624	78,3248	78,9416	0	-0,1964	78,3248	0	40,9063	0,21397	0,463579	0	4,939586	92,76206
30/10/2012	21:41	58,5	80	0,275	0,4	15	20	2	30	4	2	76,901057	77,195961	2,429747	2,208861	77,9103	74,9871	1	-0,829	77,9103	9,260022	40,9688	0,214024	0,347684	0	6,212583	92,116444
30/10/2012	21:41	59	80	0,275	0,4	15	20	2	30	4	2	76,97757	77,265193	0	-0,703807	77,7326	77,969	0	-0,3554	77,7326	0	41,0078	0,213992	0,463579	0,350158	4,993375	91,165973
30/10/2012	21:42	59,5	80	0,275	0,4	15	20	2	30	4	2	77,052194	77,332715	1,660137	1,509215	77,4415	75,8235	1	-0,5822	77,4415	9,455078	41,0781	0,214019	0,463579	0,233439	6,266372	91,756198
30/10/2012	21:42	60	80	0,275	0,4	15	20	2	30	4	2	77,124976	77,398571	0	-0,302829	77,341	77,7014	0	-0,201	77,341	0	41,0859	0,213981	0,463579	0,233439	4,921657	91,280999
30/10/2012	21:43	60,5	80	0,275	0,4	15	20	2	30	4	2	77,195961	77,4628	1,09362	0,9942	77,1994	76,4686	1	-0,2832	77,1994	9,506409	41,125	0,213992	0,463579	0	6,212583	91,966311
30/10/2012	21:43	61	80	0,275	0,4	15	20	2	30	4	2	77,265193	77,525444	2,75	3,320944	76,8037	74,2045	1	-0,7914	76,8037	9,301087	41,125	0,21404	0,463579	0,233439	6,212583	91,776198
30/10/2012	21:44	61,5	80	0,275	0,4	15	20	2	30	4	2	77,332715	77,586541	0	-0,751359	76,7983	78,3379	0	-0,0108	76,7983	0	41,1563	0,214073	0,463579	0,116719	4,957516	90,920926
30/10/2012	21:45	62	80	0,275	0,4	15	20	2	30	4	2	77,398571	77,646129	7,395397	2,241029	76,6411	75,4051	1	-0,3144	76,6411	9,249756	41,1797	0,214024	0,463579	0,233439	6,194654	90,350961
30/10/2012	21:45	62,5	80	0,275	0,4	15	20	2	30	4	2	77,4628	77,704247	5,867554	1,778047	76,4918	75,9262	1	-0,2986	76,4918	9,270288	41,2109	0,214024	0,463579	0,233439	6,248442	91,225973
30/10/2012	21:45	63	80	0,275	0,4	15	20	2	30	4	2	77,525444	77,760929	2,603466	0,788929	76,4788	76,972	1	-0,026	76,4788	9,311353	41,2344	0,21397	0,347684	0	6,230513	91,225973
30/10/2012	21:46	63,5	80	0,275	0,4	15	20	2	30	4	2	77,586541	77,816212	0	-2,531488	76,9029	80,3477	0	0,8482	76,9029	0	41,2266	0,213894	0,463579	0,350158	4,975446	92,176444
30/10/2012	21:46	64	80	0,275	0,4	15	20	2	30	4	2	77,646129	77,87013	0	-5,63527	77,825	83,5054	0	1,8442	77,825	0	41,25	0,213878	0,347684	0,233439	4,975446	93,527911
30/10/2012	21:47	64,5	80	0,275	0,4	15	20	2	30	4	2	77,704247	77,922717	0	-3,612783	78,6471	81,5355	0	1,6442	78,6471	0	41,2656	0,213824	0,347684	0	4,939586	93,813349
30/10/2012	21:47	65	80	0,275	0,4	15	20	2	30	4	2	77,760929	77,974005	0	-3,122195	79,2846	81,0962	0	1,275	79,2846	0	41,3203	0,213883	0,347684	0	4,957516	94,78512
30/10/2012	21:48	65,5	80	0,275	0,4	15	20	2	30	4	2	77,816212	78,024027	0	-1,134273	79,5539	79,1583	0	0,5386	79,5539	0	41,375	0,213856	0,463579	0,350158	4,957516	93,738198
30/10/2012	21:48	66	80	0,275	0,4	15	20	2	30	4	2	77,87013	78,072814	0	-3,847286	79,9365	81,9201	0	0,7652	79,9365	0	41,3984	0,213927	0,463579	0,116719	4,957516	94,234
30/10/2012	21:49	66,5	80	0,275	0,4	15	20	2	30	4	2	77,922717	78,120396	0	-1,377404	80,0578	79,4978	0	0,2426	80,0578	0	41,4844	0,213894	0,463579	0,350158	4,975446	93,037167
30/10/2012	21:49	67	80	0,275	0,4	15	20	2	30	4	2	77,974005	78,166804	0	-2,319296	80,1593	80,4861	0	0,203	80,1593	0	41,5859	0,213943	0,463579	0,116719	4,939586	93,607911
30/10/2012	21:50	67,5	80	0,275	0,4	15	20	2	30	4	2	78,024027	78,212066	0	-2,054234	80,2163	80,2663	0	0,114	80,2163	0	41,6797	0,213959	0,347684	0	4,975446	92,77186
30/10/2012	21:50	68	80	0,275	0,4	15	20	2	30	4	2	78,072814	78,25621	0,218251	0,19841	80,0018	78,0578	1	-0,429	80,0018	9,732263	41,7969	0,214035	0,463579	0,350158	6,248442	92,506596
30/10/2012	21:51	68,5	80	0,275	0,4	15	20	2	30	4	2	78,120396	78,299264	0	-1,302336	79,862	79,6016	0	-0,2796	79,862	0	41,875	0,21397	0,463579	0	4,957516	91,175937
30/10/2012	21:51	69	80	0,275	0,4	15	20	2	30	4	2	78,166804	78,341255	0	-0,963045	79,7379	79,3043	0	-0,2482	79,7379	0	41,9688	0,214089	0,463579	0,350158	4,975446	92,336444
30/10/2012	21:52	69,5	80	0,275	0,4	15	20	2	30	4	2	78,212066	78,38221	0,997051	0,90641	79,4314	77,4758	1	-0,613	79,4314	9,537207	42,0234	0,214132	0,347684	0	6,230513	90,246044
30/10/2012	21:52	70	80	0,275	0,4	15	20	2	30	4	2	78,25621	78,422153	0	-1,213747	79,3179	79,6359	0	-0,227	79,3179	0	42,0547	0,214176	0,463579	0,233439	4,957516	89,526475
30/10/2012	21:53	70,5	80	0,275	0,4	15	20	2	30	4	2	78,299264	78,461111	2,394382	2,176711	78,9304	76,2844	1	-0,775	78,9304	9,372949	42,1016	0,214192	0,463579	0,350158	6,230513	88,767214
30/10/2012	21:53	71	80	0,275	0,4	15	20	2	30	4	2	78,341255	78,499106	0	-0,795994	78,7987	79,2951	0	-0,2634	78,7987	0	42,1172	0,214235	0,347684	0,116719	4,957516	88,48257
30/10/2012	21:54	71,5	80	0,275	0,4	15	20	2	30	4	2	78,38221	78,536163	2,75	2,630663	78,4187	75,9055	1	-0,76	78,4187	9,372949	42,1797	0,214257	0,463579	0,466878	6,194654	87,743732
30/10/2012	21:54	72	80	0,275	0,4	15	20	2	30	4	2	78,422153	78,572305	0	-1,597695	78,4444	80,17	0	0,0514	78,4444	0	42,2422	0,214263	0,463579	0,233439	4,939586	87,364428
30/10/2012	21:55	72,5	80	0,275	0,4	15	20	2	30	4	2	78,461111	78,607555	2,75	3,301655	78,1071	75,3059	1	-0,6746	78,1071	9,331885	42,2734	0,214263	0,347684	0	6,230513	87,289614
30/10/2012	21:55	73	80	0,275	0,4	15	20	2	30	4	2	78,499106	78,641935	0,682258	0,620235	77,9477	78,0217	1	-0,3188	77,9477	9,60907	42,2969	0,214252	0,463579	0,233439	6,230513	87,289614
30/10/2012	21:56	73,5	80	0,275	0,4	15	20	2	30	4	2	78,536163	78,675466	0,002162	0,001966	77,9575	78,6735	1	0,0196	77,9575	0	42,3438	0,214257	0,463579	0	4,921657	87,479247
30/10/2012	21:56	74	80	0,275	0,4	15	20	2	30	4	2	78,572305	78,708168	0,566905	0,515368	77,988	78,1928	1	0,061	77,988	9,670666	42,375	0,214235	0,463579	0,116719	6,194654	87,364428
30/10/2012	21:57	74,5	80	0,275	0,4	15	20	2	30	4	2	78,607555	78,740064	2,75	2,680364	77,7873	76,0597	1	-0,4014	77,7873	9,331885	42,3906	0,214268	0,463579	0,350158	6,212583	87,743732
30/10/2012	21:57	75	80	0,275	0,4	15	20	2	30	4	2	78,641935	78,771172	0,350649	0,318772	77,772	78,4524	1	-0,0306	77,772	9,691198	42,375	0,214263	0,463579	0,466878	6,248442	87,214804
30/10/2012	21:58	75,5	80	0,275	0,4	15	20	2	30	4	2	78,675466	78,801512	1,852193	1,683812	77,6925	77,1177	1	-0,159	77,6925	9,290821	42,3672	0,213753	0,463579	0,350158	6,194654	87,289614
30/10/2012	21:58	76	80	0,275	0,4	15	20	2	30	4	2	78,708168	78,831102	0,752183	0,683802	77,7077	78,1473	1	0,0304	77,7077	9,60907	42,3828	0,214257	0,347684	0,116719	6,212583	86,492369
30/10/2012	21:59	76,5	80	0,275	0,4	15	20	2	30	4	2	78,740064	78,859963	1,334369	1,213063	77,7077	77,6469	1	0	77,7077	9,485876	42,3828	0,214257	0,463579	0	6,212583	87,404428
30/10/2012	21:59	77	80	0,275	0,4	15	20	2	30	4	2	78,771172	78,88811	0	-0,96969	77,9466	79,8578	0	0,4778	77,9466	0	42,4063	0,214181	0,463579	0	4,957516	87,404428
30/10/2012	22:00	77,5	80	0,275	0,4	15	20	2	30	4	2	78,801512	78,915563	2,063559	1,875963	77,952	77,0396	1	0,0108	77,952	9,393482	42,375	0,214235	0,347684	0,233439	6,230513	88,692328
30/10/2012	22:00	78	80	0,275	0,4	15	20	2	30	4	2	78,831102	78,942338	1,263612	1,148738	77,9368	77,7936	1	-0,0304	77,9368	9,42428	42,3594	0,214263	0,463579	0,350158	6,194654	87,763732
30/10/2012	22:01	78,5	80	0,275	0,4	15	20	2	30	4	2	78,859963	78,968452	0,863007	0,784552	77,9575	78,1839	1	0,0414	77,9575	9,568005	42,3438	0,214235	0,347684	0,116719	6,230513	87,289614
30/10/2012	22:01	79	80	0,275	0,4	15	20	2	30	4	2	78,88811	78,993921	0,950973	0,864521	77,9858	78,1294	1	0,0566	77,9858	9,547473	42,3359	0,214208	0,463579	0,233439	6,230513	87,763732
30/10/2012	22:02	79,5	80	0,275	0,4	15	20	2	30	4	2	78,915563	79,018761	0,900417	0,818561	78,0222	78,2002	1	0,0728	78,0222	9,393482	42,3359	0,214181	0,347684	0,116719	6,230513	88,23797
30/10/2012	22:02	80	80	0,275	0,4	15	20	2	30	4	2	78,942338	79,042988	0	-0,109812	78,164	79,1528	0	0,2836	78,164	0	42,3672	0,214116	0,347684	0,233439	4,975446	88,712328
30/10/2012	22:03	80,5	80	0,275	0,4	15	20	2	30	4	2	78,968452	79,066616	0,078338	0,071216	78,3194	78,9954	1	0,3108	78,3194	8,387404	42,375	0,214132	0,463579	0	6,212583	89,851277
30/10/2012	22:03	81	80	0,275	0,4	15	20	2	30	4	2	78,993921	79,089662	0,459868	0,418062	78,4276	78,6716	1	0,2164	78,4276	9,639868	42,3359	0,214187	0,463579	0	6,230513	89,566475
30/10/2012	22:04	81,5	80	0,275	0,4	15	20	2	30	4	2	79,018761	79,112138	1,283522	1,166838	78,4221	77,9453	1	-0,011	78,4221	9,496142	42,3672	0,214132	0,463579	0	6,248442	88,637447
30/10/2012	22:04	82	80	0,275	0,4	15	20	2	30	4	2	79,042988	79,134059	0,340185	0,309259	78,4644	78,8248	1	0,0846	78,4644	9,670666	42,3359	0,214165	0,347684	0	6,212583	89,566475
30/10/2012	22:05	82,5	80	0,275	0,4	15	20	2	30	4	2	79,066616	79,15544	1,232374	1,12034	78,4355	78,0351	1	-0,0578	78,4355	9,496142	42,3438	0,214181	0,347684	0	6,212583	88,997001
30/10/2012	22:05	83	80	0,275	0,4	15	20	2	30	4	2	79,089662	79,176292	0,014511	0,013192	78,5035	79,1631	1	0,136	78,5035	0	42,375	0,214187	0,463579	0,233439	4,975446	88,692328
30/10/2012	22:06	83,5	80	0,275	0,4	15	20	2	30	4	2	79,112138	79,196629	1,558622	1,416929	78,4533	77,7797	1	-0,1004	78,4533	9,496142	42,3984	0,214181	0,463579	0	6,248442	88,617447
30/10/2012	22:06	84	80	0,275	0,4	15	20	2	30	4	2	79,134059	79,216465	2,034301	1,849365	78,3103	77,3671	1	-0,286	78,3103	9,403748	42,4766	0,214252	0,463579	0,233439	6,230513	88,692328
30/10/2012	22:07	84,5	80	0,275	0,4	15	20	2	30	4	2	79,15544	79,23581	1,251151	1,13741	78,2232	78,0984	1	-0,1742	78,2232	9,455078	42,5	0,214219	0,463579	0,233439	6,266372	87,479247
30/10/2012	22:07	85	80	0,275	0,4	15	20	2	30	4	2	79,176292	79,254678	0,674166	0,612878	78,231	78,6418	1	0,0156	78,231	9,60907	42,5078	0,21423	0,463579	0,350158	6,176724	88,04826
30/10/2012	22:08	85,5	80	0,275	0,4	15	20	2	30	4	2	79,196629	79,27308	1,523148	1,38468	78,1964	77,8884	1	-0,0692	78,1964	9,465344	42,5469	0,214241	0,463579	0,233439	6,248442	87,87857
30/10/2012	22:08	86	80	0,275	0,4	15	20	2	30	4	2	79,216465	79,291028	0,820191	0,745628	78,2198	78,5454	1	0,0468	78,2198	9,547473	42,5703	0,214122	0,463579	0,233439	6,212583	87,668899
30/10/2012	22:09	86,5	80	0,275	0,4	15	20	2	30	4	2	79,23581	79,308532	1,067916	0,970832	78,2433	78,3377	1	0,047	78,2433	9,321619	42,5938	0,214208	0,463579	0,116719	6,230513	89,756338
30/10/2012	22:09	87	80	0,275	0,4	15	20	2	30	4	2	79,254678	79,325605	0,675185	0,613805	78,3058	78,7118	1	0,125	78,3058	9,60907	42,6563	0,214208	0,463579	0,233439	6,212583	88,23797
30/10/2012	22:10	87,5	80	0,275	0,4	15	20	2	30	4	2	79,27308	79,342256	1,570531	1,427756	78,2901	77,9145	1	-0,0314	78,2901	9,372949	42,6406	0,214219	0,347684	0	6,194654	88,23797
30/10/2012	22:10	88	80	0,275	0,4	15	20	2	30	4	2	79,291028	79,358495	0,685405	0,623095	78,3326	78,7354	1	0,085	78,3326	9,516675	42,6094	0,214192	0,463579	0,350158	6,248442	88,04826
30/10/2012	22:11	88,5	80	0,275	0,4	15	20	2	30	4	2	79,308532	79,374334	0	-1,320866	78,614	80,6952	0	0,5628	78,614	0	42,6328	0,21416	0,463579	0	4,957516	88,52257
30/10/2012	22:11	89	80	0,275	0,4	15	20	2	30	4	2	79,325605	79,389782	0,05806	0,052782	78,8194	79,337	1	0,4108	78,8194	2,463864	42,6172	0,214154	0,463579	0,350158	6,302231	89,091901
30/10/2012	22:12	89,5	80	0,275	0,4	15	20	2	30	4	2	79,342256	79,404848	1,470533	1,336848	78,8272	78,068	1	0,0156	78,8272	9,414014	42,625	0,214192	0,347684	0	6,230513	89,206806
30/10/2012	22:12	90	80	0,275	0,4	15	20	2	30	4	2	79,358495	79,419543	0,321577	0,292343	78,864	79,1272	1	0,0736	78,864	9,6604	42,625	0,21416	0,463579	0,233439	6,230513	88,52257
30/10/2012	22:13	90,5	80	0,275	0,4	15	20	2	30	4	2	79,374334	79,433874	0,346252	0,314774	78,9087	79,1191	1	0,0894	78,9087	9,670666	42,6328	0,214219	0,463579	0,116719	6,194654	89,131901
30/10/2012	22:13	91	80	0,275	0,4	15	20	2	30	4	2	79,389782	79,447852	0,346227	0,314752	78,9535	79,1331	1	0,0896	78,9535	9,701465	42,6406	0,214225	0,463579	0	6,194654	88,08826
30/10/2012	22:14	91,5	80	0,275	0,4	15	20	2	30	4	2	79,404848	79,461484	0,010433	0,009484	79,0288	79,452	1	0,1506	79,0288	0	42,6797	0,214181	0,463579	0,116719	4,975446	87,993413
30/10/2012	22:14	92	80	0,275	0,4	15	20	2	30	4	2	79,419543	79,47478	1,103059	1,00278	79,0004	78,472	1	-0,0568	79,0004	9,547473	42,6875	0,214154	0,463579	0,350158	6,230513	88,792328
30/10/2012	22:15	92,5	80	0,275	0,4	15	20	2	30	4	2	79,433874	79,487748	0,911073	0,828248	78,9499	78,6595	1	-0,101	78,9499	9,537207	42,7109	0,212775	0,463579	0,466878	6,176724	89,266806
30/10/2012	22:15	93	80	0,275	0,4	15	20	2	30	4	2	79,447852	79,500396	0,537785	0,488896	78,9343	79,0115	1	-0,0312	78,9343	9,670666	42,6953	0,214214	0,463579	0,116719	6,230513	87,399523
30/10/2012	22:16	93,5	80	0,275	0,4	15	20	2	30	4	2	79,461484	79,512731	0,026104	0,023731	78,989	79,489	1	0,1094	78,989	0	42,75	0,205613	0,463579	0,350158	5,226459	88,223113
30/10/2012	22:16	94	80	0,275	0,4	15	20	2	30	4	2	79,47478	79,524762	0,654788	0,595262	79,0067	78,9295	1	0,0354	79,0067	9,444812	42,8047	0,200867	0,463579	0,116719	6,194654	86,679405
30/10/2012	22:17	94,5	80	0,275	0,4	15	20	2	30	4	2	79,487748	79,536495	1,641745	1,492495	78,9076	78,044	1	-0,1982	78,9076	9,414014	42,7422	0,205306	0,463579	0	6,158795	86,96
30/10/2012	22:17	95	80	0,275	0,4	15	20	2	30	4	2	79,500396	79,547939	0	-0,087261	78,9444	79,6352	0	0,0736	78,9444	0	42,7422	0,206642	0,463579	0	4,957516	86,92
30/10/2012	22:18	95,5	80	0,275	0,4	15	20	2	30	4	2	79,512731	79,559101	2,75	2,509701	78,7502	77,0494	1	-0,3884	78,7502	9,352417	42,6953	0,204089	0,463579	0	6,212583	86,16
30/10/2012	22:18	96	80	0,275	0,4	15	20	2	30	4	2	79,524762	79,569987	2,337155	2,124687	78,5189	77,4453	1	-0,4626	78,5189	9,372949	42,6484	0,202232	0,463579	0,350158	6,230513	86,48
30/10/2012	22:19	96,5	80	0,275	0,4	15	20	2	30	4	2	79,536495	79,580604	0	-2,005496	78,7569	81,5861	0	0,476	78,7569	0	42,5547	0,205732	0,347684	0,116719	4,957516	87,48
30/10/2012	22:19	97	80	0,275	0,4	15	20	2	30	4	2	79,547939	79,590959	1,987434	1,806759	78,7546	77,7842	1	-0,0046	78,7546	9,414014	42,5156	0,201214	0,463579	0,350158	6,212583	86,14
30/10/2012	22:20	97,5	80	0,275	0,4	15	20	2	30	4	2	79,559101	79,601058	0	-0,782742	78,9346	80,3838	0	0,36	78,9346	0	42,4375	0,20626	0,347684	0	4,975446	86,9
30/10/2012	22:20	98	80	0,275	0,4	15	20	2	30	4	2	79,569987	79,610908	0	-0,796092	79,1782	80,407	0	0,4872	79,1782	0	42,3906	0,213753	0,463579	0,116719	4,921657	87,719897
30/10/2012	22:21	98,5	80	0,275	0,4	15	20	2	30	4	2	79,580604	79,620515	1,730646	1,573315	79,1608	78,0472	1	-0,0348	79,1608	9,434546	42,3359	0,202232	0,347684	0,116719	6,230513	86,512369
30/10/2012	22:21	99	80	0,275	0,4	15	20	2	30	4	2	79,590959	79,629884	0	-1,896416	79,4159	81,5263	0	0,5102	79,4159	0	42,2656	0,202232	0,463579	0,233439	4,939586	87,5
30/10/2012	22:22	99,5	80	0,275	0,4	15	20	2	30	4	2	79,601058	79,639022	0	-0,218078	79,5783	79,8571	0	0,3248	79,5783	0	42,2109	0,203955	0,463579	0,116719	4,975446	87,5
30/10/2012	22:22	100	80	0,275	0,4	15	20	2	30	4	2	79,610908	79,647935	0,509008	0,462735	79,6068	79,1852	1	0,057	79,6068	9,557739	42,2031	0,202232	0,463579	0,350158	6,248442	87,4
30/10/2012	22:23	100,5	80	0,275	0,4	15	20	2	30	4	2	79,620515	79,656627	0	-0,072873	79,6331	79,7295	0	0,0526	79,6331	0	42,1563	0,213237	0,463579	0,116719	4,939586	87,5
30/10/2012	22:23	101	80	0,275	0,4	15	20	2	30	4	2	79,629884	79,665105	0	-0,234495	79,6744	79,8996	0	0,0826	79,6744	0	42,125	0,201625	0,463579	0,233439	4,957516	87,1
													somme Dich (mn)	7,316278617													
													Ieff (A)	9,557739													
													Veff (Volts)	230													
													Peff (kW)	2,19827997													
													Coût €/kWh TTC hors abonnement HP	0,14 €
													Coût cuisson en € TTC	0,04 €
