Date	heure	t	Tu	I	G	tm	tau	ta	p	Vc	Ac	Tc	Tcf	Dich	e	T	Tf	Ach	Vm	Am	T 1051	Ieff	Ambient	5V	T1	T2	E	T surf	T IR	T IRa	Fth	Fthc	Fthmoy	Fthmin	Ebullition	C(€)	e1	e2
25/02/2014	09:44	0	80	0,275	0,4	15	20	2	30	4	2	17,2196	23,193945	8,25	75,104745	17,1916	-51,9108	1	-0,056	-34,4952	17,1916	4,188569	19,4531	5,100952	23,526636	19,376013	-0,444444	0	18,77	21,13	1,092206	0	1,092206	0	0	0,000403	75	0
25/02/2014	09:45	0,5	80	0,275	0,4	15	20	2	30	4	2	18,769654	24,596491	8,25	6,080591	17,3263	18,5159	1	0,2694	0,3254	17,3263	4,270698	19,7422	5,047164	23,758426	19,376013	-0,489642	18,77	18,57	21,17	1,024856	0	1,058531	0	0	0,000812	6	0
25/02/2014	09:45	1	80	0,275	0,4	15	20	2	30	4	2	20,281436	25,964409	8,25	10,688009	17,1584	15,2764	1	-0,3358	-0,6052	17,1584	4,270698	20,0234	5,047164	24,801479	19,502653	-0,493409	18,57	18,57	21,19	1,172127	0	1,096397	0	0	0,001221	11	0
25/02/2014	09:46	1,5	80	0,275	0,4	15	20	2	30	4	2	21,755893	27,298552	8,25	9,012252	17,2091	18,2863	1	0,1014	0,4372	17,2091	4,270698	20,2266	5,047164	25,612742	19,376013	-0,482109	18,57	18,67	21,23	1,083456	0	1,093161	0	0	0,00163	9	0
25/02/2014	09:46	2	80	0,275	0,4	15	20	2	30	4	2	23,193945	28,599756	8,25	10,609756	17,3184	17,99	1	0,2186	0,1172	17,3184	4,250165	20,4141	5,100952	24,222005	19,249372	-0,489642	18,67	18,69	21,29	0,965486	0	1,067626	0	0	0,002038	11	0
25/02/2014	09:47	2,5	80	0,275	0,4	15	20	2	30	4	2	24,596491	29,868832	8,25	13,744532	17,2343	16,1243	1	-0,1682	-0,3868	17,2343	4,260432	20,5547	5,083023	25,728637	19,249372	-0,497175	18,69	18,69	21,33	1,007536	0	1,057611	0	0	0,002446	14	0
25/02/2014	09:47	3	80	0,275	0,4	15	20	2	30	4	2	25,964409	31,106575	8,25	14,221675	17,1581	16,8849	1	-0,1524	0,0158	17,1581	4,270698	20,7031	5,100952	25,496847	19,249372	-0,451977	18,69	18,95	21,35	1,045636	0	1,055901	0	0	0,002855	14	0
25/02/2014	09:48	3,5	80	0,275	0,4	15	20	2	30	4	2	27,298552	32,313758	8,25	14,621358	17,1836	17,6924	1	0,051	0,2034	17,1836	4,270698	20,8047	5,065093	25,960426	19,249372	-0,542373	18,95	18,51	21,39	1,032886	0	1,053024	0	0	0,003264	15	0
25/02/2014	09:48	4	80	0,275	0,4	15	20	2	30	4	2	28,599756	33,491136	8,25	15,928936	17,237	17,5622	1	0,1068	0,0558	17,237	4,229633	20,8594	5,118882	26,5399	19,249372	-0,516008	18,51	18,67	21,41	1,006186	0	1,04782	0	0	0,00367	16	0
25/02/2014	09:49	4,5	80	0,275	0,4	15	20	2	30	4	2	29,868832	34,639444	8,25	17,056244	17,2992	17,5832	1	0,1244	0,0176	17,2992	4,270698	20,9609	5,029234	26,5399	19,249372	-0,508475	18,67	18,73	21,43	0,975086	0	1,040546	0	0	0,004079	17	0
25/02/2014	09:49	5	80	0,275	0,4	15	20	2	30	4	2	31,106575	35,7594	8,25	18,9403	17,2735	16,8191	1	-0,0514	-0,1758	17,2735	4,260432	21,0469	5,065093	25,612742	19,249372	-0,52354	18,73	18,67	21,45	0,987936	0	1,035764	0	0	0,004487	19	0
25/02/2014	09:50	5,5	80	0,275	0,4	15	20	2	30	4	2	32,313758	36,851704	8,25	20,972104	17,1072	15,8796	1	-0,3326	-0,2812	17,1072	4,260432	21,1016	5,047164	26,5399	19,249372	-0,53484	18,67	18,65	21,49	1,071086	0	1,038707	0	0	0,004896	21	0
25/02/2014	09:50	6	80	0,275	0,4	15	20	2	30	4	2	33,491136	37,917039	8,25	20,719739	17,0433	17,1973	1	-0,1278	0,2048	17,0433	4,270698	21,1484	5,083023	27,698848	19,249372	-0,508475	18,65	18,83	21,53	1,103036	0	1,043655	0	0	0,005305	21	0
25/02/2014	09:51	6,5	80	0,275	0,4	15	20	2	30	4	2	34,639444	38,956071	8,25	21,828171	17,0243	17,1279	1	-0,038	0,0898	17,0243	4,270698	21,2031	5,065093	27,814742	19,249372	-0,485876	18,83	18,97	21,55	1,112536	0	1,048576	0	0	0,005714	22	0
25/02/2014	09:51	7	80	0,275	0,4	15	20	2	30	4	2	35,7594	39,96945	8,25	22,77825	17,0344	17,1912	1	0,0202	0,0582	17,0344	4,270698	21,25	5,100952	26,655795	19,249372	-0,527307	18,97	18,77	21,57	1,107486	0	1,052503	0	0	0,006123	23	0
25/02/2014	09:52	7,5	80	0,275	0,4	15	20	2	30	4	2	36,851704	40,957807	8,25	23,471507	17,0891	17,4863	1	0,1094	0,0892	17,0891	4,188569	21,3047	5,029234	27,582953	19,249372	-0,512241	18,77	18,87	21,59	1,080136	0	1,05423	0	0	0,006526	23	0
25/02/2014	09:52	8	80	0,275	0,4	15	20	2	30	4	2	37,917039	41,921763	8,25	24,699563	17,1282	17,2222	1	0,0782	-0,0312	17,1282	4,270698	21,3438	5,083023	27,467058	19,249372	-0,508475	18,87	18,93	21,63	1,060586	0	1,054604	0	0	0,006935	25	0
25/02/2014	09:53	8,5	80	0,275	0,4	15	20	2	30	4	2	38,956071	42,861918	8,25	25,468918	17,175	17,393	1	0,0936	0,0154	17,175	4,188569	21,3906	5,100952	29,20548	19,249372	-0,53484	18,93	18,81	21,65	1,037186	0	1,053636	0	0	0,007338	25	0
25/02/2014	09:53	9	80	0,275	0,4	15	20	2	30	4	2	39,96945	43,77886	8,25	26,15836	17,2453	17,6205	1	0,1406	0,047	17,2453	4,239899	21,4609	5,065093	29,669059	19,376013	-0,516008	18,81	18,93	21,67	1,065356	0	1,054253	0	0	0,007745	26	0
25/02/2014	09:54	9,5	80	0,275	0,4	15	20	2	30	4	2	40,957807	44,673163	8,25	27,849463	17,2297	16,8237	1	-0,0312	-0,1718	17,2297	4,270698	21,4453	5,065093	29,437269	19,502653	-0,504708	18,93	19,01	21,69	1,136477	0	1,058364	0	0	0,008154	28	0
25/02/2014	09:54	10	80	0,275	0,4	15	20	2	30	4	2	41,921763	45,545386	8,25	27,690786	17,2922	17,8546	1	0,125	0,1562	17,2922	4,270698	21,5078	5,083023	30,364427	19,755935	-0,519774	19,01	18,97	21,73	1,231867	0	1,066626	0	0	0,008563	28	0
25/02/2014	09:55	10,5	80	0,275	0,4	15	20	2	30	4	2	42,861918	46,396073	8,25	28,931773	17,3391	17,4643	1	0,0938	-0,0312	17,3391	4,229633	21,5547	5,029234	30,712111	19,755935	-0,519774	18,97	19,01	21,77	1,208417	0	1,073071	0	0	0,008969	29	0
25/02/2014	09:55	11	80	0,275	0,4	15	20	2	30	4	2	43,77886	47,225757	8,25	29,652157	17,386	17,5736	1	0,0938	0	17,386	4,270698	21,6016	5,047164	29,900848	19,755935	-0,52354	19,01	18,99	21,77	1,184967	0	1,077936	0	0	0,009378	30	0
25/02/2014	09:56	11,5	80	0,275	0,4	15	20	2	30	4	2	44,673163	48,034956	8,25	29,771856	17,5043	18,2631	1	0,2366	0,1428	17,5043	4,229633	21,6094	5,047164	31,291585	20,262497	-0,531073	18,99	18,97	21,79	1,379099	0	1,090485	0	0	0,009784	30	0
25/02/2014	09:56	12	80	0,275	0,4	15	20	2	30	4	2	45,545386	48,824176	8,25	27,460476	17,9857	21,3637	1	0,9628	0,7262	17,9857	4,147504	21,6484	5,100952	31,986954	20,76906	-0,531073	18,97	18,97	21,79	1,39168	0	1,102533	0	0	0,010184	27	0
25/02/2014	09:57	12,5	80	0,275	0,4	15	20	2	30	4	2	46,396073	49,59391	8,25	31,13801	18,2519	18,4559	1	0,5324	-0,4304	18,2519	4,229633	21,6875	5,083023	31,523375	21,782184	-0,531073	18,97	19,01	21,83	1,765142	0	1,128018	0	0	0,01059	31	0
25/02/2014	09:57	13	80	0,275	0,4	15	20	2	30	4	2	47,225757	50,344639	8,25	26,924139	18,9445	23,4205	1	1,3852	0,8528	18,9445	4,270698	21,7734	5,065093	32,682322	23,301872	-0,568738	19,01	18,83	21,85	2,178686	0	1,166931	0	0	0,010999	27	0
25/02/2014	09:58	13,5	80	0,275	0,4	15	20	2	30	4	2	48,034956	51,076832	8,25	24,643632	20,0844	26,4332	0	2,2798	0,8946	20,0844	0	21,8906	5,029234	31,639269	24,821559	-0,489642	18,83	19,29	21,89	2,368579	0	1,209847	0	0	0,011109	25	0
25/02/2014	09:58	14	80	0,275	0,4	15	20	2	30	4	2	48,824176	51,790948	8,25	25,393248	21,2925	26,3977	1	2,4162	0,1364	21,2925	4,229633	22,0078	5,029234	33,60948	27,354371	-0,504708	19,29	19,23	21,91	3,030936	0	1,272643	0	0	0,011515	25	0
25/02/2014	09:59	14,5	80	0,275	0,4	15	20	2	30	4	2	49,59391	52,487432	8,25	23,149232	22,7234	29,3382	1	2,8618	0,4456	22,7234	4,229633	22,1719	5,047164	33,957165	29,380621	-0,519774	19,23	19,17	21,93	3,32861	0	1,341176	0	0	0,011921	23	0
25/02/2014	09:59	15	80	0,275	0,4	15	20	2	30	4	2	50,344639	53,16672	8,25	23,27532	24,1558	29,8914	1	2,8648	0,003	24,1558	4,229633	22,3828	5,047164	33,030007	30,900308	-0,53484	19,17	19,09	21,93	3,372254	0	1,406694	0	0	0,012327	23	0
25/02/2014	10:00	15,5	80	0,275	0,4	15	20	2	30	4	2	51,076832	53,829236	8,25	22,889436	25,5462	30,9398	1	2,7808	-0,084	25,5462	4,260432	22,5781	5,083023	33,60948	32,419995	-0,546139	19,09	19,05	21,95	3,436898	0	1,470138	0	0	0,012736	23	0
25/02/2014	10:00	16	80	0,275	0,4	15	20	2	30	4	2	51,790948	54,475394	8,25	22,412794	26,8882	32,0626	1	2,684	-0,0968	26,8882	4,188569	22,8359	5,065093	35,116112	33,559761	-0,538606	19,05	19,13	21,99	3,33578	0	1,526673	0	0	0,013139	22	0
25/02/2014	10:01	16,5	80	0,275	0,4	15	20	2	30	4	2	52,487432	55,105599	8,25	24,974199	27,845	30,1314	1	1,9136	-0,7704	27,845	4,219367	23,0938	5,065093	35,347902	34,952807	-0,557439	19,13	19,05	22,01	3,553904	0	1,586297	0	0	0,013544	25	0
25/02/2014	10:01	17	80	0,275	0,4	15	20	2	30	4	2	53,16672	55,720244	8,25	19,652344	29,1839	36,0679	0	2,6778	0,7642	29,1839	0	23,3594	5,083023	35,116112	36,345854	-0,557439	19,05	19,05	22,01	3,580977	0	1,643288	0	0	0,013654	20	0
25/02/2014	10:02	17,5	80	0,275	0,4	15	20	2	30	4	2	53,829236	56,319713	8,25	23,057613	30,2321	33,2621	1	2,0964	-0,5814	30,2321	4,260432	23,6875	5,065093	35,000218	37,232338	-0,52354	19,05	19,27	22,05	3,500119	0	1,694867	0	0	0,014062	23	0
25/02/2014	10:02	18	80	0,275	0,4	15	20	2	30	4	2	54,475394	56,904382	8,25	23,027882	31,1029	33,8765	1	1,7416	-0,3548	31,1029	4,239899	23,9688	5,047164	36,390955	38,372104	-0,508475	19,27	19,35	22,05	3,634602	0	1,747292	0	0	0,014469	23	0
25/02/2014	10:03	18,5	80	0,275	0,4	15	20	2	30	4	2	55,105599	57,474614	8,25	21,385014	32,044	36,0896	1	1,8822	0,1406	32,044	4,188569	24,3281	5,047164	35,811481	39,005307	-0,546139	19,35	19,17	22,07	3,480653	0	1,792907	0	0	0,014872	21	0
25/02/2014	10:03	19	80	0,275	0,4	15	20	2	30	4	2	55,720244	58,030768	8,25	22,238868	32,8787	35,7919	1	1,6694	-0,2128	32,8787	4,239899	24,6172	5,065093	36,738639	39,765151	-0,564972	19,17	19,09	22,09	3,443225	0	1,835223	0	0	0,015279	22	0
25/02/2014	10:04	19,5	80	0,275	0,4	15	20	2	30	4	2	56,319713	58,57319	8,25	23,99599	33,4384	34,5772	1	1,1194	-0,55	33,4384	4,147504	24,9531	5,047164	36,854534	40,018432	-0,508475	19,09	19,41	22,11	3,290016	0	1,871592	0	0	0,015679	24	0
25/02/2014	10:04	20	80	0,275	0,4	15	20	2	30	4	2	56,904382	59,10222	8,25	21,85102	34,1108	37,2512	1	1,3448	0,2254	34,1108	4,260432	25,2813	5,029234	37,549902	40,524994	-0,500942	19,41	19,45	22,11	3,207097	0	1,904166	0	0	0,016088	22	0
25/02/2014	10:05	20,5	80	0,275	0,4	15	20	2	30	4	2	57,474614	59,618188	8,25	24,510588	34,5204	35,1076	1	0,8192	-0,5256	34,5204	4,229633	25,6172	5,047164	37,549902	41,031557	-0,508475	19,45	19,43	22,13	3,255578	0	1,936342	0	0	0,016494	25	0
25/02/2014	10:05	21	80	0,275	0,4	15	20	2	30	4	2	58,030768	60,121417	8,25	24,256817	34,8518	35,8646	1	0,6628	-0,1564	34,8518	4,260432	25,875	5,065093	37,318113	42,044681	-0,512241	19,43	19,41	22,13	3,596441	0	1,974949	0	0	0,016902	24	0
25/02/2014	10:06	21,5	80	0,275	0,4	15	20	2	30	4	2	58,57319	60,612221	8,25	19,740221	35,668	40,872	1	1,6324	0,9696	35,668	4,229633	26,1797	5,065093	38,70885	43,944291	-0,519774	19,41	19,41	22,17	4,138145	0	2,024113	0	0	0,017308	20	0
25/02/2014	10:06	22	80	0,275	0,4	15	20	2	30	4	2	59,10222	61,090907	8,25	17,056107	36,9604	44,0348	0	2,5848	0,9524	36,9604	0	26,4844	5,083023	37,549902	46,097181	-0,508475	19,41	19,47	22,17	4,56839	0	2,080652	0	0	0,017418	17	0
25/02/2014	10:07	22,5	80	0,275	0,4	15	20	2	30	4	2	59,618188	61,557774	8,25	18,249674	38,2401	43,3081	1	2,5594	-0,0254	38,2401	4,219367	26,8516	5,083023	37,781692	47,490228	-0,497175	19,47	19,55	22,19	4,625064	0	2,135965	0	0	0,017823	18	0
25/02/2014	10:07	23	80	0,275	0,4	15	20	2	30	4	2	60,121417	62,013114	8,25	16,545614	39,6119	45,4675	1	2,7436	0,1842	39,6119	4,219367	27,1953	5,047164	39,520113	48,629993	-0,500942	19,55	19,55	22,21	4,509046	0	2,186457	0	0	0,018228	17	0
25/02/2014	10:08	23,5	80	0,275	0,4	15	20	2	30	4	2	60,612221	62,457212	8,25	18,685412	40,6838	43,7718	1	2,1438	-0,5998	40,6838	4,229633	27,6406	5,065093	38,129376	49,643118	-0,474576	19,55	19,69	22,21	4,479659	0	2,234232	0	0	0,018635	19	0
25/02/2014	10:08	24	80	0,275	0,4	15	20	2	30	4	2	61,090907	62,890345	8,25	17,791145	41,6508	45,0992	1	1,934	-0,2098	41,6508	4,147504	28,0547	5,065093	38,592955	50,529602	-0,497175	19,69	19,59	22,23	4,439401	0	2,279235	0	0	0,019035	18	0
25/02/2014	10:09	24,5	80	0,275	0,4	15	20	2	30	4	2	61,557774	63,312784	8,25	16,357184	42,67	46,9556	1	2,0384	0,1044	42,67	4,229633	28,4844	5,047164	40,447271	51,669368	-0,474576	19,59	19,71	22,23	4,499684	0	2,323644	0	0	0,019441	16	0
25/02/2014	10:09	25	80	0,275	0,4	15	20	2	30	4	2	62,013114	63,724793	8,25	15,463793	43,7442	48,261	1	2,1484	0,11	43,7442	4,270698	28,9688	5,065093	39,056534	52,682492	-0,474576	19,71	19,73	22,25	4,469146	0	2,365713	0	0	0,01985	15	0
25/02/2014	10:10	25,5	80	0,275	0,4	15	20	2	30	4	2	62,457212	64,126629	8,25	15,308429	44,7854	48,8182	1	2,0824	-0,066	44,7854	4,147504	29,4688	5,047164	39,751903	53,822258	-0,504708	19,73	19,57	22,25	4,518429	0	2,407111	0	0	0,02025	15	0
25/02/2014	10:10	26	80	0,275	0,4	15	20	2	30	4	2	62,890345	64,518544	8,25	16,008544	45,662	48,51	1	1,7532	-0,3292	45,662	4,219367	29,9141	5,029234	39,751903	54,708742	-0,508475	19,57	19,57	22,27	4,523371	0	2,447041	0	0	0,020656	16	0
25/02/2014	10:11	26,5	80	0,275	0,4	15	20	2	30	4	2	63,312784	64,900782	8,25	16,855582	46,3164	48,0452	1	1,3088	-0,4444	46,3164	4,229633	30,3125	5,047164	40,794956	55,721867	-0,508475	19,57	19,59	22,29	4,702733	0	2,488813	0	0	0,021062	17	0
25/02/2014	10:11	27	80	0,275	0,4	15	20	2	30	4	2	63,724793	65,273583	8,25	11,922283	47,3889	53,3513	1	2,145	0,8362	47,3889	4,260432	30,8047	5,065093	40,794956	57,241554	-0,508475	19,59	19,59	22,29	4,926327	0	2,533131	0	0	0,02147	12	0
25/02/2014	10:12	27,5	80	0,275	0,4	15	20	2	30	4	2	64,126629	65,63718	8,25	13,38978	48,4054	52,2474	1	2,033	-0,112	48,4054	4,270698	31,3203	5,029234	41,953903	58,254679	-0,482109	19,59	19,73	22,29	4,92464	0	2,575837	0	0	0,021879	13	0
25/02/2014	10:12	28	80	0,275	0,4	15	20	2	30	4	2	64,518544	65,991799	8,25	12,457099	49,4271	53,5347	1	2,0434	0,0104	49,4271	4,229633	31,7891	5,047164	41,374429	59,267804	-0,467043	19,73	19,83	22,31	4,920352	0	2,616968	0	0	0,022285	12	0
25/02/2014	10:13	28,5	80	0,275	0,4	15	20	2	30	4	2	64,900782	66,337663	8,25	11,452863	50,4876	54,8848	1	2,121	0,0776	50,4876	4,147504	32,2969	5,029234	41,953903	60,280929	-0,47081	19,83	19,81	22,31	4,896664	0	2,656274	0	0	0,022686	11	0
25/02/2014	10:13	29	80	0,275	0,4	15	20	2	30	4	2	65,273583	66,674987	8,25	13,080887	51,3041	53,5941	1	1,633	-0,488	51,3041	4,229633	32,7891	5,065093	42,301587	61,294054	-0,444444	19,81	19,97	22,33	4,994977	0	2,695913	0	0	0,023092	13	0
25/02/2014	10:14	29,5	80	0,275	0,4	15	20	2	30	4	2	65,63718	67,003983	8,25	11,971083	52,0813	55,0329	1	1,5544	-0,0786	52,0813	4,270698	33,2578	5,047164	41,374429	61,927257	-0,493409	19,97	19,71	22,33	4,922978	0	2,73303	0	0	0,023501	12	0
25/02/2014	10:14	30	80	0,275	0,4	15	20	2	30	4	2	65,991799	67,324856	8,25	9,057156	53,1141	58,2677	1	2,0656	0,5112	53,1141	4,188569	33,75	5,047164	41,374429	63,320303	-0,45951	19,71	19,93	22,37	5,103102	0	2,771884	0	0	0,023904	9	0
25/02/2014	10:15	30,5	80	0,275	0,4	15	20	2	30	4	2	66,337663	67,637806	8,25	9,727806	54,106	57,91	1	1,9838	-0,0818	54,106	4,239899	34,2344	5,047164	41,606219	64,966631	-0,478343	19,93	19,81	22,35	5,430316	0	2,814762	0	0	0,024311	10	0
25/02/2014	10:15	31	80	0,275	0,4	15	20	2	30	4	2	66,674987	67,94303	8,25	7,96493	55,1993	59,9781	1	2,1866	0,2028	55,1993	4,270698	34,7969	5,047164	41,953903	65,979756	-0,467043	19,81	19,89	22,37	5,390228	0	2,855642	0	0	0,02472	8	0
25/02/2014	10:16	31,5	80	0,275	0,4	15	20	2	30	4	2	67,003983	68,240718	8,25	11,224418	55,8871	57,0163	1	1,3756	-0,811	55,8871	4,229633	35,2266	5,083023	43,34464	66,992881	-0,444444	19,89	20,01	22,37	5,55289	0	2,897787	0	0	0,025126	11	0
25/02/2014	10:16	32	80	0,275	0,4	15	20	2	30	4	2	67,324856	68,531055	8,25	6,252955	56,9029	62,2781	1	2,0316	0,656	56,9029	4,270698	35,7266	5,047164	42,417482	68,006006	-0,474576	20,01	19,85	22,37	5,551553	0	2,938614	0	0	0,025535	6	0
25/02/2014	10:17	32,5	80	0,275	0,4	15	20	2	30	4	2	67,637806	68,814225	8,25	7,251725	57,8721	61,5625	1	1,9384	-0,0932	57,8721	4,229633	36,1641	5,029234	43,228745	69,145771	-0,482109	19,85	19,83	22,39	5,636836	0	2,979496	0	0	0,025941	7	0
25/02/2014	10:17	33	80	0,275	0,4	15	20	2	30	4	2	67,94303	69,090402	8,25	5,367902	58,9529	63,7225	1	2,1616	0,2232	58,9529	4,229633	36,6953	5,047164	43,228745	70,285537	-0,414313	19,83	20,23	22,43	5,666318	0	3,019598	0	0	0,026347	5	0
25/02/2014	10:18	33,5	80	0,275	0,4	15	20	2	30	4	2	68,240718	69,359761	8,25	5,919061	59,9319	63,4407	1	1,958	-0,2036	59,9319	4,147504	37,1953	5,083023	43,228745	71,298662	-0,45951	20,23	19,99	22,43	5,683381	0	3,058771	0	0	0,026747	6	0
25/02/2014	10:18	34	80	0,275	0,4	15	20	2	30	4	2	68,531055	69,62247	8,25	7,64767	60,594	61,9748	1	1,3242	-0,6338	60,594	4,229633	37,6875	5,047164	44,155904	71,551943	-0,425612	19,99	20,17	22,43	5,478971	0	3,093847	0	0	0,027153	8	0
25/02/2014	10:19	34,5	80	0,275	0,4	15	20	2	30	4	2	68,814225	69,878692	8,25	8,084692	61,0216	61,794	1	0,8552	-0,469	61,0216	4,229633	38,125	5,029234	43,460535	71,931865	-0,414313	20,17	20,23	22,43	5,455132	0	3,127579	0	0	0,027559	8	0
25/02/2014	10:19	35	80	0,275	0,4	15	20	2	30	4	2	69,090402	70,128588	8,25	7,231788	61,42	62,8968	1	0,7968	-0,0584	61,42	4,188569	38,5234	5,083023	44,503588	72,944989	-0,39548	20,23	20,35	22,45	5,762495	0	3,164691	0	0	0,027963	7	0
25/02/2014	10:20	35,5	80	0,275	0,4	15	20	2	30	4	2	69,359761	70,372314	8,25	3,291014	62,2261	67,0813	1	1,6122	0,8154	62,2261	4,229633	38,9297	5,047164	44,271798	73,578193	-0,433145	20,35	20,17	22,47	5,676046	0	3,199571	0	0	0,028369	3	0
25/02/2014	10:20	36	80	0,275	0,4	15	20	2	30	4	2	69,62247	70,610022	8,25	6,538622	62,7894	64,0714	1	1,1266	-0,4856	62,7894	4,188569	39,3594	5,065093	43,808219	73,958114	-0,403013	20,17	20,33	22,47	5,584357	0	3,232239	0	0	0,028772	7	0
25/02/2014	10:21	36,5	80	0,275	0,4	15	20	2	30	4	2	69,878692	70,841862	8,25	6,712862	63,1886	64,129	1	0,7984	-0,3282	63,1886	4,229633	39,7266	5,083023	45,546641	74,464677	-0,425612	20,33	20,23	22,49	5,638038	0	3,26475	0	0	0,029178	7	0
25/02/2014	10:21	37	80	0,275	0,4	15	20	2	30	4	2	70,128588	71,067977	8,25	6,171377	63,5558	64,8966	1	0,7344	-0,064	63,5558	4,260432	40,0938	5,029234	44,619483	74,464677	-0,433145	20,23	20,19	22,49	5,454438	0	3,293946	0	0	0,029586	6	0
25/02/2014	10:22	37,5	80	0,275	0,4	15	20	2	30	4	2	70,372314	71,288509	8,25	6,231509	63,8858	65,057	1	0,66	-0,0744	63,8858	4,188569	40,4609	5,029234	45,546641	75,09788	-0,440678	20,19	20,15	22,49	5,60604	0	3,324368	0	0	0,02999	6	0
25/02/2014	10:22	38	80	0,275	0,4	15	20	2	30	4	2	70,610022	71,503597	8,25	5,498897	64,2679	66,0047	1	0,7642	0,1042	64,2679	4,178303	40,8125	5,083023	45,314851	75,604442	-0,421846	20,15	20,25	22,49	5,668271	0	3,354808	0	0	0,030392	5	0
25/02/2014	10:23	38,5	80	0,275	0,4	15	20	2	30	4	2	70,841862	71,713374	8,25	4,551274	64,7593	67,1621	1	0,9828	0,2186	64,7593	4,229633	41,2422	5,029234	44,735377	76,111005	-0,421846	20,25	20,27	22,51	5,675852	0	3,384565	0	0	0,030798	5	0
25/02/2014	10:23	39	80	0,275	0,4	15	20	2	30	4	2	71,067977	71,917971	8,037055	2,435471	65,5025	69,4825	1	1,4864	0,5036	65,5025	4,270698	41,5859	5,065093	46,357904	76,744208	-0,425612	20,27	20,27	22,53	5,620854	0	3,412873	0	0	0,0312	2	0
25/02/2014	10:24	39,5	80	0,275	0,4	15	20	2	30	4	2	71,288509	72,117517	8,25	5,479317	65,959	66,6382	1	0,913	-0,5734	65,959	4,229633	41,9688	5,083023	46,473799	77,377411	-0,403013	20,27	20,39	22,53	5,709205	0	3,441577	0	0	0,031606	5	0
25/02/2014	10:24	40	80	0,275	0,4	15	20	2	30	4	2	71,503597	72,312136	8,25	4,689836	66,3467	67,6223	1	0,7754	-0,1376	66,3467	4,229633	42,3281	5,047164	45,314851	77,630692	-0,425612	20,39	20,29	22,55	5,641996	0	3,468742	0	0	0,032012	5	0
25/02/2014	10:25	40,5	80	0,275	0,4	15	20	2	30	4	2	71,713374	72,50195	8,25	4,01875	66,7564	68,4832	1	0,8194	0,044	66,7564	4,229633	42,7109	5,083023	46,473799	78,390536	-0,387947	20,29	20,49	22,55	5,817068	0	3,497381	0	0	0,032418	4	0
25/02/2014	10:25	41	80	0,275	0,4	15	20	2	30	4	2	71,917971	72,687078	8,25	2,628478	67,3054	70,0586	1	1,098	0,2786	67,3054	4,188569	43,0078	5,083023	47,053273	78,897098	-0,39548	20,49	20,45	22,55	5,795849	0	3,525073	0	0	0,032821	3	0
25/02/2014	10:26	41,5	80	0,275	0,4	15	20	2	30	4	2	72,117517	72,867635	8,25	4,262635	67,6938	68,605	1	0,7768	-0,3212	67,6938	4,147504	43,3594	5,083023	46,473799	79,150379	-0,376648	20,45	20,57	22,57	5,72829	0	3,551302	0	0	0,033221	4	0
25/02/2014	10:26	42	80	0,275	0,4	15	20	2	30	4	2	72,312136	73,043733	8,25	4,633733	67,946	68,41	1	0,5044	-0,2724	67,946	4,147504	43,6484	5,065093	46,357904	79,530301	-0,436911	20,57	20,23	22,55	5,792151	0	3,577665	0	0	0,033622	5	0
25/02/2014	10:27	42,5	80	0,275	0,4	15	20	2	30	4	2	72,50195	73,215484	8,25	3,491884	68,2556	69,7236	1	0,6192	0,1148	68,2556	4,229633	43,8906	5,047164	45,77843	79,910223	-0,354049	20,23	20,69	22,57	5,827311	0	3,603823	0	0	0,034028	3	0
25/02/2014	10:27	43	80	0,275	0,4	15	20	2	30	4	2	72,687078	73,382995	7,505502	2,274395	68,7102	71,1086	1	0,9092	0,29	68,7102	4,270698	44,1719	5,083023	46,242009	80,670066	-0,323917	20,69	20,85	22,57	5,979933	0	3,631135	0	0	0,03441	2	0
25/02/2014	10:28	43,5	80	0,275	0,4	15	20	2	30	4	2	72,867635	73,546369	8,25	4,271369	68,975	69,275	1	0,5296	-0,3796	68,975	4,270698	44,4063	5,047164	46,126114	81,30327	-0,384181	20,85	20,55	22,59	6,164135	0	3,659919	0	0	0,034819	4	0
25/02/2014	10:28	44	80	0,275	0,4	15	20	2	30	4	2	73,043733	73,70571	8,25	2,71191	69,317	70,9938	1	0,684	0,1544	69,317	4,229633	44,6016	5,047164	47,632746	81,809832	-0,357815	20,55	20,71	22,61	6,246416	0	3,688981	0	0	0,035225	3	0
25/02/2014	10:29	44,5	80	0,275	0,4	15	20	2	30	4	2	73,215484	73,861116	0	-0,265484	70,0034	74,1266	0	1,3728	0,6888	70,0034	0	44,8828	5,065093	46,242009	81,809832	-0,323917	20,71	20,91	22,63	5,903216	0	3,713583	0	0	0,035335	0	0
25/02/2014	10:29	45	80	0,275	0,4	15	20	2	30	4	2	73,382995	74,012686	8,25	3,822686	70,3292	70,19	1	0,6516	-0,7212	70,3292	4,270698	45,1797	5,100952	48,096325	82,696316	-0,346516	20,91	20,83	22,67	6,183558	0	3,740726	0	0	0,035744	4	0
25/02/2014	10:30	45,5	80	0,275	0,4	15	20	2	30	4	2	73,546369	74,160513	2,084983	0,631813	70,8295	73,5287	1	1,0006	0,349	70,8295	4,352826	45,5078	5,047164	46,821483	83,076238	-0,365348	20,83	20,73	22,67	6,123369	0	3,766624	0	0	0,03593	1	0
25/02/2014	10:30	46	80	0,275	0,4	15	20	2	30	4	2	73,70571	74,304691	0	-0,003709	71,4384	74,3084	0	1,2178	0,2172	71,4384	0	45,7891	5,083023	46,473799	83,202879	-0,312618	20,73	21,05	22,71	5,882239	0	3,789373	0	0	0,03604	0	0
25/02/2014	10:31	46,5	80	0,275	0,4	15	20	2	30	4	2	73,861116	74,445308	8,25	3,213208	71,6861	71,2321	1	0,4954	-0,7224	71,6861	4,229633	46	5,029234	47,632746	83,202879	-0,327684	21,05	20,99	22,73	5,758389	0	3,81032	0	0	0,036446	3	0
25/02/2014	10:31	47	80	0,275	0,4	15	20	2	30	4	2	74,012686	74,582454	8,25	5,437854	71,5138	69,1446	1	-0,3446	-0,84	71,5138	4,239899	46,3438	5,029234	46,705588	82,949597	-0,312618	20,99	21,09	22,75	5,717899	0	3,8304	0	0	0,036853	5	0
25/02/2014	10:32	47,5	80	0,275	0,4	15	20	2	30	4	2	74,160513	74,716214	5,311726	1,609614	71,6142	73,1066	1	0,2008	0,5454	71,6142	4,188569	46,5547	5,047164	48,096325	82,949597	-0,320151	21,09	21,09	22,79	5,667699	0	3,849538	0	0	0,037151	2	0
25/02/2014	10:32	48	80	0,275	0,4	15	20	2	30	4	2	74,304691	74,846671	8,25	6,117171	71,3383	68,7295	1	-0,5518	-0,7526	71,3383	4,229633	46,7578	5,083023	47,053273	82,949597	-0,297552	21,09	21,23	22,81	5,805649	0	3,869704	0	0	0,037558	6	0
25/02/2014	10:33	48,5	80	0,275	0,4	15	20	2	30	4	2	74,445308	74,973907	6,832013	2,070307	71,3896	72,9036	1	0,1026	0,6544	71,3896	4,168037	46,8828	5,065093	47,748641	83,076238	-0,282486	21,23	21,31	22,81	5,843319	0	3,889843	0	0	0,037909	2	0
25/02/2014	10:33	49	80	0,275	0,4	15	20	2	30	4	2	74,582454	75,098002	8,25	2,758002	71,518	72,34	1	0,2568	0,1542	71,518	4,147504	47,0469	5,029234	47,400957	83,329519	-0,323917	21,31	21,15	22,87	5,90576	0	3,910206	0	0	0,038309	3	0
25/02/2014	10:34	49,5	80	0,275	0,4	15	20	2	30	4	2	74,716214	75,219033	8,25	2,773733	71,6781	72,4453	1	0,3202	0,0634	71,6781	4,270698	47,2031	5,065093	48,907589	84,089363	-0,278719	21,15	21,41	22,89	6,205631	0	3,93316	0	0	0,038718	3	0
25/02/2014	10:34	50	80	0,275	0,4	15	20	2	30	4	2	74,846671	75,337075	8,25	3,031275	71,819	72,3058	1	0,2818	-0,0384	71,819	4,229633	47,3047	5,065093	48,559904	84,595925	-0,274953	21,41	21,45	22,91	6,388463	0	3,95747	0	0	0,039125	3	0
25/02/2014	10:35	50,5	80	0,275	0,4	15	20	2	30	4	2	74,973907	75,452203	8,24803	2,499403	72,0076	72,9528	1	0,3772	0,0954	72,0076	4,229633	47,4531	5,047164	49,023483	85,229128	-0,316384	21,45	21,25	22,93	6,610764	0	3,983483	0	0	0,039531	2	0
25/02/2014	10:35	51	80	0,275	0,4	15	20	2	30	4	2	75,098002	75,564489	0	-2,161511	72,7268	77,726	0	1,4384	1,0612	72,7268	0	47,6328	5,083023	48,096325	85,988972	-0,274953	21,25	21,49	22,95	6,631086	0	4,009188	0	0	0,03964	-2	0
25/02/2014	10:36	51,5	80	0,275	0,4	15	20	2	30	4	2	75,219033	75,674002	8,25	2,987202	73,042	72,6868	1	0,6304	-0,808	73,042	4,229633	47,875	5,083023	48,559904	86,622175	-0,290019	21,49	21,41	22,95	6,790088	0	4,035927	0	0	0,040046	3	0
25/02/2014	10:36	52	80	0,275	0,4	15	20	2	30	4	2	75,337075	75,780811	0	-1,052089	73,6033	76,8329	0	1,1226	0,4922	73,6033	0	48,1016	5,065093	48,907589	86,748816	-0,286252	21,41	21,45	22,97	6,572758	0	4,060087	0	0	0,040156	-1	0
25/02/2014	10:37	52,5	80	0,275	0,4	15	20	2	30	4	2	75,452203	75,884983	6,379174	1,933083	73,8915	73,9519	1	0,5764	-0,5462	73,8915	4,229633	48,2422	5,047164	47,748641	86,622175	-0,259887	21,45	21,59	22,97	6,365338	0	4,081835	0	0	0,040495	2	0
25/02/2014	10:37	53	80	0,275	0,4	15	20	2	30	4	2	75,564489	75,986583	8,101445	2,454983	73,9796	73,5316	1	0,1762	-0,4002	73,9796	4,229633	48,3672	5,065093	48,44401	86,748816	-0,256121	21,59	21,61	22,97	6,384608	0	4,103356	0	0	0,040896	2	0
25/02/2014	10:38	53,5	80	0,275	0,4	15	20	2	30	4	2	75,674002	76,085675	3,470857	1,051775	74,1359	75,0339	1	0,3126	0,1364	74,1359	4,270698	48,4531	5,047164	49,139378	87,255378	-0,271186	21,61	21,57	23,01	6,559739	0	4,126101	0	0	0,041131	1	0
25/02/2014	10:38	54	80	0,275	0,4	15	20	2	30	4	2	75,780811	76,18232	1,631916	0,49452	74,3778	75,6878	1	0,4838	0,1712	74,3778	4,393891	48,6641	5,047164	49,139378	87,76194	-0,256121	21,57	21,67	23,03	6,69207	0	4,149642	0	0	0,041302	0	0
25/02/2014	10:39	54,5	80	0,275	0,4	15	20	2	30	4	2	75,884983	76,276579	5,83565	1,768379	74,4998	74,5082	1	0,244	-0,2398	74,4998	4,260432	48,7891	5,083023	48,907589	87,6353	-0,271186	21,67	21,61	23,05	6,56775	0	4,171624	0	0	0,041623	2	0
25/02/2014	10:39	55	80	0,275	0,4	15	20	2	30	4	2	75,986583	76,36851	3,925054	1,18941	74,6295	75,1791	1	0,2594	0,0154	74,6295	4,301496	48,9219	5,047164	49,487063	87,76194	-0,207156	21,61	21,99	23,09	6,56622	0	4,193197	0	0	0,041876	1	0
25/02/2014	10:40	55,5	80	0,275	0,4	15	20	2	30	4	2	76,085675	76,458172	5,032078	1,524872	74,7209	74,9333	1	0,1828	-0,0766	74,7209	4,229633	49,0156	5,083023	47,980431	87,76194	-0,229755	21,99	21,87	23,09	6,52052	0	4,213977	0	0	0,042166	2	0
25/02/2014	10:40	56	80	0,275	0,4	15	20	2	30	4	2	76,18232	76,54562	1,335577	0,40472	74,9193	76,1409	1	0,3968	0,214	74,9193	4,311762	49,2188	5,029234	48,44401	88,015222	-0,229755	21,87	21,87	23,09	6,547961	0	4,234632	0	0	0,042325	0	0
25/02/2014	10:41	56,5	80	0,275	0,4	15	20	2	30	4	2	76,276579	76,630909	2,99247	0,906809	75,0969	75,7241	1	0,3552	-0,0416	75,0969	4,352826	49,3984	5,029234	48,096325	87,76194	-0,237288	21,87	21,87	23,13	6,33252	0	4,253034	0	0	0,042545	1	0
25/02/2014	10:41	57	80	0,275	0,4	15	20	2	30	4	2	76,36851	76,714092	7,482065	2,267292	75,1036	74,4468	1	0,0134	-0,3418	75,1036	4,270698	49,5156	5,083023	48,44401	87,6353	-0,229755	21,87	21,91	23,13	6,26585	0	4,270537	0	0	0,042926	2	0
25/02/2014	10:42	57,5	80	0,275	0,4	15	20	2	30	4	2	76,458172	76,795222	8,25	3,693022	74,8842	73,1022	1	-0,4388	-0,4522	74,8842	4,239899	49,625	5,029234	49,602957	87,6353	-0,244821	21,91	21,85	23,15	6,37555	0	4,288684	0	0	0,043333	4	0
25/02/2014	10:42	58	80	0,275	0,4	15	20	2	30	4	2	76,54562	76,874348	3,089288	0,936148	74,9038	75,9382	1	0,0392	0,478	74,9038	4,270698	49,7188	5,065093	48,096325	87,76194	-0,248588	21,85	21,83	23,15	6,42907	0	4,306978	0	0	0,043555	1	0
25/02/2014	10:43	58,5	80	0,275	0,4	15	20	2	30	4	2	76,630909	76,951521	5,599508	1,696821	74,9515	75,2547	1	0,0954	0,0562	74,9515	4,270698	49,8047	5,047164	49,834747	88,268503	-0,26742	21,83	21,75	23,17	6,658501	0	4,326906	0	0	0,043867	2	0
25/02/2014	10:43	59	80	0,275	0,4	15	20	2	30	4	2	76,714092	77,026788	1,6064	0,486788	75,1492	76,54	1	0,3954	0,3	75,1492	4,393891	49,9297	5,029234	49,371168	88,268503	-0,218456	21,75	22,01	23,17	6,559651	0	4,345668	0	0	0,044037	0	0
25/02/2014	10:44	59,5	80	0,275	0,4	15	20	2	30	4	2	76,795222	77,100197	4,307809	1,305397	75,3088	75,7948	1	0,3192	-0,0762	75,3088	4,311762	50,0156	5,029234	48,907589	88,521784	-0,256121	22,01	21,81	23,17	6,606492	0	4,364509	0	0	0,044304	1	0
25/02/2014	10:44	60	80	0,275	0,4	15	20	2	30	4	2	76,874348	77,171793	8,25	2,511293	75,3077	74,6605	1	-0,0022	-0,3214	75,3077	4,260432	50,125	5,083023	49,255273	88,268503	-0,20339	21,81	22,09	23,17	6,480401	0	4,381995	0	0	0,044713	3	0
25/02/2014	10:45	60,5	80	0,275	0,4	15	20	2	30	4	2	76,951521	77,241622	6,937662	2,102322	75,2885	75,1393	1	-0,0384	-0,0362	75,2885	4,229633	50,1797	5,083023	48,907589	88,268503	-0,248588	22,09	21,85	23,17	6,490001	0	4,399274	0	0	0,045072	2	0
25/02/2014	10:45	61	80	0,275	0,4	15	20	2	30	4	2	77,026788	77,309726	4,792017	1,452126	75,3432	75,8576	1	0,1094	0,1478	75,3432	4,270698	50,2344	5,083023	48,791694	88,775065	-0,199623	21,85	22,13	23,19	6,715933	0	4,418109	0	0	0,045355	1	0
25/02/2014	10:46	61,5	80	0,275	0,4	15	20	2	30	4	2	77,100197	77,376149	5,179513	1,569549	75,419	75,8066	1	0,1516	0,0422	75,419	4,270698	50,2734	5,065093	48,096325	89,281628	-0,218456	22,13	22,05	23,21	6,931314	0	4,438376	0	0	0,045653	2	0
25/02/2014	10:46	62	80	0,275	0,4	15	20	2	30	4	2	77,171793	77,440933	0	-2,319767	75,9351	79,7607	0	1,0322	0,8806	75,9351	0	50,2734	5,047164	49,371168	89,78819	-0,241055	22,05	21,93	23,21	6,926545	0	4,458282	0	0	0,045762	-2	0
25/02/2014	10:47	62,5	80	0,275	0,4	15	20	2	30	4	2	77,241622	77,504116	6,795743	2,059316	76,11	75,4448	1	0,3498	-0,6824	76,11	4,229633	50,4141	5,065093	49,371168	90,168112	-0,222222	21,93	22,03	23,21	7,029056	0	4,478685	0	0	0,046116	2	0
25/02/2014	10:47	63	80	0,275	0,4	15	20	2	30	4	2	77,309726	77,56574	0	-0,42226	76,3964	77,988	0	0,5728	0,223	76,3964	0	50,5234	5,047164	49,255273	90,294753	-0,20339	22,03	22,13	23,21	6,949176	0	4,498137	0	0	0,046226	0	0
25/02/2014	10:48	63,5	80	0,275	0,4	15	20	2	30	4	2	77,376149	77,625842	0	-0,225958	76,6854	77,8518	0	0,578	0,0052	76,6854	0	50,6719	5,029234	48,328115	90,168112	-0,199623	22,13	22,17	23,23	6,741356	0	4,515663	0	0	0,046335	0	0
25/02/2014	10:48	64	80	0,275	0,4	15	20	2	30	4	2	77,440933	77,68446	7,313658	2,21626	76,6786	75,4682	1	-0,0136	-0,5916	76,6786	4,229633	50,8125	5,083023	48,21222	89,78819	-0,199623	22,17	22,19	23,25	6,554795	0	4,53147	0	0	0,046708	2	0
25/02/2014	10:49	64,5	80	0,275	0,4	15	20	2	30	4	2	77,504116	77,741631	5,357652	1,623531	76,6133	76,1181	1	-0,1306	-0,117	76,6133	4,188569	50,9297	5,083023	48,559904	89,78819	-0,210923	22,19	22,15	23,27	6,587445	0	4,547285	0	0	0,047008	2	0
25/02/2014	10:49	65	80	0,275	0,4	15	20	2	30	4	2	77,56574	77,79739	2,911888	0,88239	76,6178	76,915	1	0,009	0,1396	76,6178	4,352826	51,0078	5,029234	48,21222	89,534909	-0,233522	22,15	22,03	23,27	6,458554	0	4,561875	0	0	0,047225	1	0
25/02/2014	10:50	65,5	80	0,275	0,4	15	20	2	30	4	2	77,625842	77,851773	7,52919	2,281573	76,5034	75,5702	1	-0,2288	-0,2378	76,5034	4,229633	51,1094	5,065093	48,559904	89,534909	-0,207156	22,03	22,19	23,29	6,515754	0	4,576677	0	0	0,047606	2	0
25/02/2014	10:50	66	80	0,275	0,4	15	20	2	30	4	2	77,68446	77,904813	3,533352	1,070713	76,4893	76,8341	1	-0,0282	0,2006	76,4893	4,270698	51,2031	5,047164	48,675799	89,534909	-0,188324	22,19	22,33	23,33	6,522804	0	4,591309	0	0	0,047843	1	0
25/02/2014	10:51	66,5	80	0,275	0,4	15	20	2	30	4	2	77,741631	77,956543	5,223052	1,582743	76,4702	76,3738	1	-0,0382	-0,01	76,4702	4,270698	51,3281	5,065093	48,675799	89,78819	-0,210923	22,33	22,21	23,33	6,658995	0	4,60674	0	0	0,048143	2	0
25/02/2014	10:51	67	80	0,275	0,4	15	20	2	30	4	2	77,79739	78,006996	4,955928	1,501796	76,4656	76,5052	1	-0,0092	0,029	76,4656	4,311762	51,3594	5,083023	47,980431	89,534909	-0,214689	22,21	22,19	23,33	6,534654	0	4,621021	0	0	0,048434	2	0
25/02/2014	10:52	67,5	80	0,275	0,4	15	20	2	30	4	2	77,851773	78,056204	4,724952	1,431804	76,4812	76,6244	1	0,0312	0,0404	76,4812	4,270698	51,375	5,065093	47,980431	89,66155	-0,165725	22,19	22,45	23,33	6,590175	0	4,6355	0	0	0,048715	1	0
25/02/2014	10:52	68	80	0,275	0,4	15	20	2	30	4	2	77,904813	78,104196	5,561807	1,685396	76,4812	76,4188	1	0	-0,0312	76,4812	4,239899	51,375	5,065093	48,559904	90,041471	-0,19209	22,45	22,33	23,35	6,780136	0	4,651154	0	0	0,049025	2	0
25/02/2014	10:53	68,5	80	0,275	0,4	15	20	2	30	4	2	77,956543	78,151004	0	-2,552996	76,9504	80,704	0	0,9384	0,9384	76,9504	0	51,4844	5,029234	48,675799	90,674674	-0,146893	22,33	22,59	23,37	6,862137	0	4,667176	0	0	0,049134	-3	0
25/02/2014	10:53	69	80	0,275	0,4	15	20	2	30	4	2	78,006996	78,196656	1,110964	0,336656	77,26	77,86	1	0,6192	-0,3192	77,26	4,434955	51,5781	5,083023	49,602957	90,927956	-0,158192	22,59	22,53	23,37	6,833978	0	4,682764	0	0	0,049286	0	0
25/02/2014	10:54	69,5	80	0,275	0,4	15	20	2	30	4	2	78,056204	78,24118	3,145825	0,95328	77,4007	77,2879	1	0,2814	-0,3378	77,4007	4,311762	51,7188	5,047164	48,21222	90,801315	-0,131827	22,53	22,69	23,39	6,700308	0	4,697175	0	0	0,049511	1	0
25/02/2014	10:54	70	80	0,275	0,4	15	20	2	30	4	2	78,104196	78,284606	2,454559	0,743806	77,4788	77,5408	1	0,1562	-0,1252	77,4788	4,352826	51,7969	5,047164	49,487063	90,801315	-0,19209	22,69	22,37	23,39	6,661258	0	4,711105	0	0	0,049711	1	0
25/02/2014	10:55	70,5	80	0,275	0,4	15	20	2	30	4	2	78,151004	78,326959	1,646895	0,499059	77,5523	77,8279	1	0,147	-0,0092	77,5523	4,434955	51,9063	5,065093	49,255273	90,674674	-0,150659	22,37	22,59	23,39	6,561187	0	4,724134	0	0	0,049883	0	0
25/02/2014	10:55	71	80	0,275	0,4	15	20	2	30	4	2	78,196656	78,368267	2,50459	0,758967	77,5913	77,6093	1	0,078	-0,069	77,5913	4,352826	51,9453	5,029234	47,980431	90,294753	-0,184557	22,59	22,41	23,39	6,351726	0	4,735515	0	0	0,050085	1	0
25/02/2014	10:56	71,5	80	0,275	0,4	15	20	2	30	4	2	78,24118	78,408554	8,25	3,326754	77,3298	75,0818	1	-0,523	-0,601	77,3298	4,15777	52,0078	5,047164	47,864536	89,78819	-0,165725	22,41	22,53	23,41	6,229195	0	4,745888	0	0	0,050486	3	0
25/02/2014	10:56	72	80	0,275	0,4	15	20	2	30	4	2	78,284606	78,447847	6,878675	2,084447	77,1062	76,3634	1	-0,4472	0,0758	77,1062	4,229633	52	5,065093	47,864536	89,78819	-0,146893	22,53	22,65	23,43	6,340995	0	4,756889	0	0	0,050843	2	0
25/02/2014	10:57	72,5	80	0,275	0,4	15	20	2	30	4	2	78,326959	78,48617	2,903241	0,87977	77,0624	77,6064	1	-0,0876	0,3596	77,0624	4,311762	51,9922	5,047164	48,675799	89,66155	-0,146893	22,65	22,65	23,43	6,299575	0	4,767455	0	0	0,051059	1	0
25/02/2014	10:57	73	80	0,275	0,4	15	20	2	30	4	2	78,368267	78,523547	8,25	2,696247	76,9057	75,8273	1	-0,3134	-0,2258	76,9057	4,270698	52,0156	5,011305	47,980431	89,534909	-0,146893	22,65	22,63	23,41	6,314604	0	4,77798	0	0	0,051468	3	0
25/02/2014	10:58	73,5	80	0,275	0,4	15	20	2	30	4	2	78,408554	78,56	8,25	3,5718	76,623	74,9882	1	-0,5654	-0,252	76,623	4,229633	51,9844	5,047164	47,864536	89,78819	-0,124294	22,63	22,75	23,41	6,582595	0	4,790173	0	0	0,051874	4	0
25/02/2014	10:58	74	80	0,275	0,4	15	20	2	30	4	2	78,447847	78,595554	0,039448	0,011954	76,7152	78,5836	1	0,1844	0,7498	76,7152	0	51,9688	5,136811	48,21222	90,294753	-0,154426	22,75	22,57	23,39	6,789776	0	4,803594	0	0	0,051984	0	0
25/02/2014	10:59	74,5	80	0,275	0,4	15	20	2	30	4	2	78,48617	78,63023	0	-0,55927	77,0311	79,1895	0	0,6318	0,4474	77,0311	0	51,9609	5,065093	48,44401	90,801315	-0,158192	22,57	22,57	23,41	6,885108	0	4,81747	0	0	0,052093	-1	0
25/02/2014	10:59	75	80	0,275	0,4	15	20	2	30	4	2	78,523547	78,66405	6,811364	2,06405	77,1236	76,6	1	0,185	-0,4468	77,1236	4,270698	51,9453	5,065093	47,632746	91,181237	-0,177024	22,57	22,47	23,41	7,028818	0	4,832115	0	0	0,05245	2	0
25/02/2014	11:00	75,5	80	0,275	0,4	15	20	2	30	4	2	78,56	78,697034	0	-2,265866	77,5913	80,9629	0	0,9354	0,7504	77,5913	0	51,9453	5,047164	49,371168	91,307877	-0,199623	22,47	22,33	23,39	6,858289	0	4,845445	0	0	0,05256	-2	0
25/02/2014	11:00	76	80	0,275	0,4	15	20	2	30	4	2	78,595554	78,729205	8,25	2,896205	77,6038	75,833	1	0,025	-0,9104	77,6038	4,229633	51,9219	5,029234	47,632746	91,181237	-0,180791	22,33	22,43	23,39	6,788718	0	4,858146	0	0	0,052966	3	0
25/02/2014	11:01	76,5	80	0,275	0,4	15	20	2	30	4	2	78,63023	78,760581	3,055736	0,925981	77,635	77,8346	1	0,0624	0,0374	77,635	4,301496	51,9531	5,047164	47,748641	91,054596	-0,19209	22,43	22,37	23,39	6,709798	0	4,87017	0	0	0,053187	1	0
25/02/2014	11:01	77	80	0,275	0,4	15	20	2	30	4	2	78,66405	78,791182	2,608591	0,790482	77,6895	78,0007	1	0,109	0,0466	77,6895	4,34256	52,0078	5,011305	47,632746	90,927956	-0,158192	22,37	22,53	23,37	6,619228	0	4,881454	0	0	0,053393	1	0
25/02/2014	11:02	77,5	80	0,275	0,4	15	20	2	30	4	2	78,697034	78,821028	1,732922	0,525128	77,7811	78,2959	1	0,1832	0,0742	77,7811	4,393891	52,1016	5,065093	49,139378	91,307877	-0,165725	22,53	22,49	23,37	6,763389	0	4,893518	0	0	0,053567	1	0
25/02/2014	11:02	78	80	0,275	0,4	15	20	2	30	4	2	78,729205	78,850137	1,339262	0,405837	77,8955	78,4443	1	0,2288	0,0456	77,8955	4,424689	52,2188	5,029234	47,748641	91,054596	-0,13936	22,49	22,63	23,37	6,579548	0	4,904257	0	0	0,053727	0	0
25/02/2014	11:03	78,5	80	0,275	0,4	15	20	2	30	4	2	78,760581	78,878527	4,302629	1,303827	77,9107	77,5747	1	0,0304	-0,1984	77,9107	4,270698	52,2344	5,029234	48,44401	91,054596	-0,150659	22,63	22,59	23,39	6,571948	0	4,914812	0	0	0,053993	1	0
25/02/2014	11:03	79	80	0,275	0,4	15	20	2	30	4	2	78,791182	78,906216	1,997874	0,605416	77,9608	78,3008	1	0,1002	0,0698	77,9608	4,352826	52,3594	5,065093	49,023483	90,801315	-0,222222	22,59	22,21	23,39	6,420258	0	4,92428	0	0	0,054176	1	0
25/02/2014	11:04	79,5	80	0,275	0,4	15	20	2	30	4	2	78,821028	78,933222	8,25	5,294822	77,5028	73,6384	1	-0,916	-1,0162	77,5028	4,229633	52,4063	5,047164	48,096325	90,168112	-0,165725	22,21	22,49	23,37	6,332656	0	4,933083	0	0	0,054582	5	0
25/02/2014	11:04	80	80	0,275	0,4	15	20	2	30	4	2	78,850137	78,959561	0,056631	0,017161	77,4592	78,9424	1	-0,0872	0,8288	77,4592	0	52,3984	5,136811	48,675799	90,168112	-0,184557	22,49	22,41	23,39	6,354456	0	4,941911	0	0	0,054692	0	0
25/02/2014	11:05	80,5	80	0,275	0,4	15	20	2	30	4	2	78,878527	78,985249	8,25	2,508149	77,3307	76,4771	1	-0,257	-0,1698	77,3307	4,188569	52,4141	5,047164	47,632746	90,041471	-0,161959	22,41	22,49	23,35	6,355386	0	4,950636	0	0	0,055095	3	0
