Date		Heure	Vm		Vc		V. Moy.		T		Tu		t	Am		Ac		A. moy.		Tc		Tcf		Tf		RTC		Démarrage		55°C		F chauffe		FC		Ph1		Ph2		Ph3		Ph4		Cde TC		BITE		
13/03/2011	13:42	0,000000	3,000000	0,000000	0,000000	65,000000	0,000000	0,000000	1,000000	0,000000	0,000000	0,000000	0,000000	0,000000	0,000000	0,000000	0,000000	0,000000	0,000000	0,000000	0,000000	0,000000	0,000000	0,000000
13/03/2011	13:42	-Inf	3,000000	-Inf	26,035344	65,000000	0,000000	-Inf	1,000000	-Inf	0,000000	0,000000	0,000000	0,000000	1,000000	0,000000	0,000000	0,000000	0,000000	0,000000	0,000000	0,000000	0,000000	0,000000
13/03/2011	13:42	52,070687	3,000000	-0,001956	26,063003	65,000000	0,500000	104,202006	1,000000	1,679700	26,065660	27,623033	-Inf	8,250000	1,000000	0,000000	0,000000	0,000000	1,000000	0,000000	0,000000	0,000000	0,000000	0,000000
13/03/2011	13:43	0,055318	3,000000	-0,000166	26,130658	65,000000	1,000000	-52,015369	1,000000	0,001729	26,455003	28,012377	338,608391	8,250000	1,000000	0,000000	0,000000	0,000000	1,000000	0,000000	0,000000	0,000000	0,000000	1,000000
13/03/2011	13:43	0,135311	3,000000	0,003939	26,104064	65,000000	1,500000	0,079993	1,000000	0,004100	26,844346	28,401720	-77,789443	0,000000	1,000000	0,000000	0,000000	0,000000	1,000000	0,000000	0,000000	0,000000	0,000000	1,000000
13/03/2011	13:44	-0,053189	3,000000	0,002259	26,114496	65,000000	2,000000	-0,188500	1,000000	-0,001564	27,233690	28,791063	26,534670	8,250000	1,000000	0,000000	0,000000	0,000000	1,000000	0,000000	0,000000	0,000000	0,000000	1,000000
13/03/2011	13:44	0,020864	3,000000	0,002791	26,061944	65,000000	2,500000	0,074053	1,000000	0,000596	27,623033	29,180407	25,631116	8,250000	1,000000	0,000000	0,000000	0,000000	1,000000	0,000000	0,000000	0,000000	0,000000	1,000000
13/03/2011	13:45	-0,105102	3,000000	-0,000206	26,049225	65,000000	3,000000	-0,125966	1,000000	-0,002920	28,012377	29,569750	26,251778	8,250000	1,000000	0,000000	0,000000	0,000000	1,000000	0,000000	0,000000	0,000000	1,000000	1,000000
13/03/2011	13:45	-0,025439	3,000000	-0,000888	26,029194	65,000000	3,500000	0,079663	1,000000	-0,000688	28,401720	29,959094	25,587087	8,250000	1,000000	0,000000	0,000000	0,000000	1,000000	0,000000	0,000000	0,000000	1,000000	1,000000
13/03/2011	13:46	-0,040062	3,000000	-0,001919	25,978598	65,000000	4,000000	-0,014622	1,000000	-0,001054	28,791063	30,348437	26,137642	8,250000	1,000000	0,000000	0,000000	0,000000	1,000000	0,000000	0,000000	0,000000	1,000000	1,000000
13/03/2011	13:46	-0,101192	3,000000	-0,004465	25,975239	65,000000	4,500000	-0,061130	1,000000	-0,002595	29,180407	30,737780	25,869230	8,250000	1,000000	0,000000	0,000000	0,000000	1,000000	0,000000	0,000000	0,000000	1,000000	1,000000
13/03/2011	13:47	-0,006718	3,000000	-0,004521	26,010548	65,000000	5,000000	0,094474	1,000000	-0,000168	29,569750	31,127124	25,650596	8,250000	1,000000	0,000000	0,000000	0,000000	1,000000	0,000000	0,000000	0,000000	1,000000	1,000000
13/03/2011	13:47	0,070618	3,000000	-0,002688	26,009608	65,000000	5,500000	0,077336	1,000000	0,001722	29,959094	31,516467	26,186059	8,250000	1,000000	0,000000	0,000000	0,000000	1,000000	0,000000	0,000000	0,000000	1,000000	1,000000
13/03/2011	13:48	-0,001880	3,000000	-0,002669	25,933249	65,000000	6,000000	-0,072498	1,000000	-0,000045	30,348437	31,905811	26,305514	8,250000	1,000000	0,000000	0,000000	0,000000	1,000000	0,000000	0,000000	0,000000	1,000000	1,000000
13/03/2011	13:48	-0,152718	3,000000	-0,006159	26,002424	65,000000	6,500000	-0,150838	1,000000	-0,003552	30,737780	32,295154	25,784493	8,250000	1,000000	0,000000	0,000000	0,000000	1,000000	0,000000	0,000000	0,000000	1,000000	1,000000
13/03/2011	13:49	0,138350	3,000000	-0,002874	25,943706	65,000000	7,000000	0,291068	1,000000	0,003144	31,127124	32,684497	25,395312	8,250000	1,000000	0,000000	0,000000	0,000000	1,000000	0,000000	0,000000	0,000000	1,000000	1,000000
13/03/2011	13:49	-0,117436	3,000000	-0,005420	26,008039	65,000000	7,500000	-0,255786	1,000000	-0,002610	31,516467	33,073841	26,802544	8,250000	1,000000	0,000000	0,000000	0,000000	1,000000	0,000000	0,000000	0,000000	1,000000	1,000000
13/03/2011	13:50	0,128666	3,000000	-0,002505	26,007211	65,000000	8,000000	0,246103	1,000000	0,002797	31,905811	33,463184	25,261594	8,250000	1,000000	0,000000	0,000000	0,000000	1,000000	0,000000	0,000000	0,000000	1,000000	1,000000
13/03/2011	13:50	-0,001656	3,000000	-0,002487	26,002693	65,000000	8,500000	-0,130322	1,000000	-0,000035	32,295154	33,852528	26,756749	8,250000	1,000000	0,000000	0,000000	0,000000	1,000000	0,000000	0,000000	0,000000	1,000000	1,000000
13/03/2011	13:51	-0,009036	3,000000	-0,002624	26,137314	65,000000	9,000000	-0,007380	1,000000	-0,000188	32,684497	34,241871	25,738738	8,250000	1,000000	0,000000	0,000000	0,000000	1,000000	0,000000	0,000000	0,000000	1,000000	1,000000
13/03/2011	13:51	0,269241	3,000000	0,002925	26,238573	65,000000	9,500000	0,278276	1,000000	0,005495	33,073841	34,631214	26,104482	8,250000	1,000000	0,000000	0,000000	0,000000	1,000000	0,000000	0,000000	0,000000	1,000000	1,000000
13/03/2011	13:52	0,202519	3,000000	0,006917	26,373636	65,000000	10,000000	-0,066722	1,000000	0,004050	33,463184	35,020558	27,333606	8,250000	1,000000	0,000000	0,000000	0,000000	1,000000	0,000000	0,000000	0,000000	1,000000	1,000000
13/03/2011	13:52	0,270126	3,000000	0,012078	26,710237	65,000000	10,500000	0,067607	1,000000	0,005297	33,852528	35,409901	26,645230	8,250000	1,000000	0,000000	0,000000	0,000000	1,000000	0,000000	0,000000	0,000000	1,000000	1,000000
13/03/2011	13:53	0,673202	3,000000	0,024791	27,176409	65,000000	11,000000	0,403076	1,000000	0,012946	34,241871	35,799245	27,385705	8,250000	1,000000	0,000000	0,000000	0,000000	1,000000	0,000000	0,000000	0,000000	1,000000	1,000000
13/03/2011	13:53	0,932344	3,000000	0,041915	27,744599	65,000000	11,500000	0,259142	1,000000	0,017591	34,631214	36,188588	29,328965	8,250000	1,000000	0,000000	0,000000	0,000000	1,000000	0,000000	0,000000	0,000000	1,000000	1,000000
13/03/2011	13:54	1,136380	3,000000	0,062183	28,985301	65,000000	12,000000	0,204036	1,000000	0,021044	35,020558	36,577931	30,127571	8,250000	1,000000	0,000000	0,000000	0,000000	1,000000	0,000000	0,000000	0,000000	1,000000	1,000000
13/03/2011	13:54	2,481404	3,000000	0,106169	31,384268	65,000000	12,500000	1,345024	1,000000	0,045116	35,409901	36,967275	31,666134	8,250000	1,000000	0,000000	0,000000	0,000000	1,000000	0,000000	0,000000	0,000000	1,000000	1,000000
13/03/2011	13:55	4,797932	3,000000	0,189950	35,188488	65,000000	13,000000	2,316528	1,000000	0,085677	29,959094	41,511378	39,037123	8,250000	1,000000	0,000000	0,000000	0,000000	0,000000	1,000000	0,000000	0,000000	0,000000	1,000000
13/03/2011	13:55	7,608441	3,000000	0,320099	40,264698	65,000000	13,500000	2,810509	1,000000	0,133481	29,959094	41,511378	49,417410	8,165042	1,000000	0,000000	0,000000	0,000000	0,000000	1,000000	0,000000	0,000000	0,000000	1,000000
13/03/2011	13:56	10,152420	3,000000	0,489622	45,577769	65,000000	14,000000	2,543979	1,000000	0,175042	29,959094	41,511378	61,102598	0,000000	1,000000	0,000000	0,000000	0,000000	0,000000	1,000000	0,000000	0,000000	0,000000	1,000000
13/03/2011	13:56	10,626142	3,000000	0,661427	49,796289	65,000000	14,500000	0,473722	1,000000	0,180104	33,293677	43,746616	70,970565	0,000000	1,000000	0,000000	0,000000	0,000000	0,000000	1,000000	0,000000	0,000000	0,000000	1,000000
13/03/2011	13:57	8,437040	3,000000	0,791021	53,035523	65,000000	15,000000	-2,189102	1,000000	0,140617	36,310932	45,769143	71,996016	0,000000	1,000000	0,000000	0,000000	0,000000	0,000000	1,000000	0,000000	0,000000	0,000000	1,000000
13/03/2011	13:57	6,478468	3,000000	0,884258	54,930226	65,000000	15,500000	-1,958571	1,000000	0,106204	39,041058	47,599201	65,531399	0,000000	1,000000	0,000000	0,000000	0,000000	0,000000	1,000000	0,000000	0,000000	0,000000	1,000000
13/03/2011	13:58	3,789407	3,000000	0,931115	56,167484	65,000000	16,000000	-2,689062	1,000000	0,061119	41,511378	49,255106	63,970020	0,000000	1,000000	1,000000	0,000000	0,000000	0,000000	1,000000	0,000000	0,000000	0,000000	1,000000
13/03/2011	13:58	2,474517	3,000000	0,955613	57,162868	65,000000	16,500000	-1,314890	1,000000	0,039278	43,746616	50,753431	58,368174	0,000000	1,000000	1,000000	0,000000	0,000000	0,000000	1,000000	0,000000	0,000000	0,000000	1,000000
13/03/2011	13:59	1,990766	3,000000	0,971788	58,016581	65,000000	17,000000	-0,483750	1,000000	0,031106	45,769143	52,109171	59,482121	0,000000	1,000000	1,000000	0,000000	0,000000	0,000000	1,000000	0,000000	0,000000	0,000000	1,000000
13/03/2011	13:59	1,707426	3,000000	0,983105	58,613687	65,000000	17,500000	-0,283340	1,000000	0,026268	47,599201	53,335895	61,030613	0,000000	1,000000	1,000000	0,000000	0,000000	0,000000	1,000000	0,000000	0,000000	0,000000	1,000000
13/03/2011	14:00	1,194213	3,000000	0,986304	58,679846	65,000000	18,000000	-0,513213	1,000000	0,018094	49,255106	54,445882	61,461860	0,000000	1,000000	1,000000	0,000000	0,000000	0,000000	1,000000	0,000000	0,000000	0,000000	1,000000
13/03/2011	14:00	0,132319	3,000000	0,973558	58,790466	65,000000	18,500000	-1,061894	1,000000	0,001975	50,753431	55,450239	60,041846	0,000000	1,000000	1,000000	0,000000	0,000000	0,000000	1,000000	0,000000	0,000000	0,000000	1,000000
13/03/2011	14:01	0,221240	3,000000	0,962494	58,811558	65,000000	19,000000	0,088921	1,000000	0,003254	52,109171	56,359019	56,931315	0,000000	1,000000	1,000000	0,000000	0,000000	0,000000	1,000000	0,000000	0,000000	0,000000	1,000000
13/03/2011	14:01	0,042183	3,000000	0,949156	58,744392	65,000000	19,500000	-0,179057	1,000000	0,000611	53,335895	57,181317	59,431880	0,825008	1,000000	1,000000	0,000000	0,000000	0,000000	1,000000	0,000000	0,000000	0,000000	1,000000
13/03/2011	14:02	-0,134331	3,000000	0,933678	58,682676	65,000000	20,000000	-0,176513	1,000000	-0,001919	54,445882	57,925363	58,470643	0,000000	1,000000	1,000000	0,000000	0,000000	0,000000	1,000000	0,000000	0,000000	0,000000	1,000000
13/03/2011	14:02	-0,123432	3,000000	0,918789	58,464696	65,000000	20,500000	0,010899	1,000000	-0,001738	55,450239	58,598604	58,060987	0,422271	1,000000	1,000000	0,000000	0,000000	0,000000	1,000000	0,000000	0,000000	0,000000	1,000000
13/03/2011	14:03	-0,435960	3,000000	0,899973	58,373560	65,000000	21,000000	-0,312528	1,000000	-0,006055	56,359019	59,207777	58,239630	3,784407	1,000000	1,000000	0,000000	0,000000	0,000000	1,000000	0,000000	0,000000	0,000000	1,000000
13/03/2011	14:03	-0,182273	3,000000	0,885148	58,184740	65,000000	21,500000	0,253687	1,000000	-0,002497	57,181317	59,758980	56,876585	5,013857	1,000000	1,000000	0,000000	0,000000	0,000000	1,000000	0,000000	0,000000	0,000000	1,000000
13/03/2011	14:04	-0,377639	3,000000	0,868083	57,982188	65,000000	22,000000	-0,195367	1,000000	-0,005103	57,925363	60,257729	58,327569	8,250000	1,000000	1,000000	0,000000	0,000000	0,000000	1,000000	0,000000	0,000000	0,000000	1,000000
13/03/2011	14:04	-0,405104	3,000000	0,851107	57,718179	65,000000	22,500000	-0,027465	1,000000	-0,005401	58,598604	60,709016	56,836177	7,858774	1,000000	1,000000	0,000000	0,000000	0,000000	1,000000	0,000000	0,000000	1,000000	1,000000
13/03/2011	14:05	-0,528020	3,000000	0,832961	57,596782	65,000000	23,000000	-0,122916	1,000000	-0,006948	59,207777	61,117357	56,853041	8,250000	1,000000	1,000000	0,000000	0,000000	0,000000	1,000000	0,000000	0,000000	1,000000	1,000000
13/03/2011	14:05	-0,242794	3,000000	0,818990	57,372996	65,000000	23,500000	0,285226	1,000000	-0,003153	59,758980	61,486839	56,294911	8,250000	1,000000	1,000000	0,000000	0,000000	0,000000	1,000000	0,000000	0,000000	1,000000	1,000000
13/03/2011	14:06	-0,447571	3,000000	0,802752	57,066813	65,000000	24,000000	-0,204778	1,000000	-0,005738	60,257729	61,821161	57,457861	8,250000	1,000000	1,000000	0,000000	0,000000	0,000000	1,000000	0,000000	0,000000	1,000000	1,000000
13/03/2011	14:06	-0,612366	3,000000	0,784839	56,990276	65,000000	24,500000	-0,164795	1,000000	-0,007751	60,709016	62,123667	55,762115	8,250000	1,000000	1,000000	0,000000	0,000000	0,000000	1,000000	0,000000	0,000000	1,000000	1,000000
13/03/2011	14:07	-0,153075	3,000000	0,773115	57,321886	65,000000	25,000000	0,459291	1,000000	-0,001913	61,117357	62,397386	55,435953	8,250000	1,000000	1,000000	0,000000	0,000000	0,000000	1,000000	0,000000	0,000000	1,000000	1,000000
13/03/2011	14:07	0,663221	3,000000	0,771759	58,613166	65,000000	25,500000	0,816296	1,000000	0,008188	61,486839	62,645058	57,934320	8,250000	1,000000	1,000000	0,000000	0,000000	0,000000	1,000000	0,000000	0,000000	1,000000	1,000000
13/03/2011	14:08	2,582559	3,000000	0,793842	62,760556	65,000000	26,000000	1,919337	1,000000	0,031495	61,821161	62,869160	61,572200	8,250000	1,000000	1,000000	0,000000	0,000000	0,000000	1,000000	0,000000	0,000000	0,000000	1,000000
13/03/2011	14:08	8,294780	3,000000	0,884214	68,611717	65,000000	26,500000	5,712221	1,000000	0,099937	62,123667	63,071936	71,764348	4,949129	1,000000	1,000000	0,000000	0,000000	0,000000	1,000000	0,000000	0,000000	0,000000	1,000000
13/03/2011	14:09	11,702322	3,000000	1,013001	71,386808	65,000000	27,000000	3,407542	1,000000	0,139313	62,397386	63,255416	96,625719	0,000000	1,000000	1,000000	0,000000	0,000000	0,000000	0,000000	1,000000	0,000000	0,000000	1,000000
13/03/2011	14:09	5,550182	3,000000	1,066380	73,106920	65,000000	27,500000	-6,152140	1,000000	0,065296	62,645058	63,421435	101,606536	0,000000	1,000000	1,000000	0,000000	0,000000	0,000000	0,000000	1,000000	0,000000	0,000000	1,000000
13/03/2011	14:10	3,440225	3,000000	1,093983	73,772214	65,000000	28,000000	-2,109958	1,000000	0,040003	62,869160	63,571655	71,903006	0,000000	1,000000	1,000000	0,000000	0,000000	0,000000	0,000000	1,000000	0,000000	0,000000	1,000000
13/03/2011	14:10	1,330587	3,000000	1,096702	73,830227	65,000000	28,500000	-2,109637	1,000000	0,015294	63,071936	63,707580	76,432747	0,000000	1,000000	1,000000	0,000000	0,000000	0,000000	0,000000	1,000000	0,000000	0,000000	1,000000
13/03/2011	14:11	0,116026	3,000000	1,085558	73,218367	65,000000	29,000000	-1,214561	1,000000	0,001318	63,255416	63,830570	72,272126	0,000000	1,000000	1,000000	0,000000	0,000000	0,000000	0,000000	1,000000	0,000000	0,000000	1,000000
13/03/2011	14:11	-1,223720	3,000000	1,059611	72,875098	65,000000	29,500000	-1,339747	1,000000	-0,013750	63,421435	63,941856	71,021297	0,000000	1,000000	1,000000	0,000000	0,000000	0,000000	0,000000	1,000000	0,000000	0,000000	1,000000
13/03/2011	14:12	-0,686537	3,000000	1,040210	72,602243	65,000000	30,000000	0,537183	1,000000	-0,007628	63,571655	64,042552	67,748164	0,000000	1,000000	1,000000	0,000000	0,000000	0,000000	0,000000	1,000000	0,000000	0,000000	1,000000
13/03/2011	14:12	-0,545710	3,000000	1,022782	72,322048	65,000000	30,500000	0,140828	1,000000	-0,005997	63,707580	64,133665	72,303535	0,000000	1,000000	1,000000	0,000000	0,000000	0,000000	0,000000	1,000000	0,000000	0,000000	1,000000
13/03/2011	14:13	-0,560390	3,000000	1,005574	72,133791	65,000000	31,000000	-0,014680	1,000000	-0,006091	0,000000	0,000000	71,512284	0,000000	0,000000	1,000000	1,000000	0,000000	0,000000	0,000000	0,000000	0,000000	0,000000	0,000000
13/03/2011	14:13	-0,376514	3,000000	0,990713	71,951114	65,000000	31,500000	0,183876	1,000000	-0,004049	65,000000	0,000000	70,983651	0,000000	0,000000	1,000000	1,000000	0,000000	0,000000	0,000000	0,000000	1,000000	0,000000	1,000000
13/03/2011	14:14	-0,365355	3,000000	0,976286	71,753212	65,000000	32,000000	0,011159	1,000000	-0,003887	65,000000	0,000000	71,565839	0,000000	0,000000	1,000000	1,000000	0,000000	0,000000	0,000000	0,000000	1,000000	0,000000	1,000000
