Date	Heure	Vm	Vc	V. Moy.	T	Tu	Cde TC	Am	Ac	A. moy.	Coef. X	Tc	Tcf	Tf
12/01/2011	15:13	-0,778289	150	-0,029135	21,663352	65	5	-0,653381	50	-0,025106	5	26,078305	26,078305	21,090684
12/01/2011	15:13	-0,421626	150	-0,041401	21,62119	65	5	0,356663	50	-0,013176	5	26,078305	26,078305	21,595204
12/01/2011	15:14	-0,022132	150	-0,040817	21,618977	65	5	0,399495	50	-0,000671	5	26,078305	26,078305	21,769922
12/01/2011	15:14	-1,326379	150	-0,078627	21,486339	65	5	-1,304248	50	-0,039011	5	26,078305	26,078305	20,434088
12/01/2011	15:15	0,228089	150	-0,069864	21,509148	65	5	1,554469	50	0,006517	5	26,078305	26,078305	22,222171
12/01/2011	15:15	-0,785992	150	-0,089757	21,430548	65	5	-1,014081	50	-0,021833	5	26,078305	26,078305	20,710519
12/01/2011	15:16	-0,210085	150	-0,093009	21,40954	65	5	0,575907	50	-0,005678	5	26,078305	26,078305	21,555869
12/01/2011	15:16	-0,134956	150	-0,094113	21,396044	65	5	0,07513	50	-0,003551	5	26,078305	26,078305	21,372114
12/01/2011	15:17	1,131373	150	-0,06269	21,509182	65	5	1,266329	50	0,02901	5	26,078305	26,078305	22,468262
12/01/2011	15:17	-0,092894	150	-0,063445	21,499892	65	5	-1,224267	50	-0,002322	5	26,078305	26,078305	20,973028
12/01/2011	15:18	1,51025	150	-0,025062	21,650917	65	5	1,603143	50	0,036835	5	26,078305	26,078305	22,896275
12/01/2011	15:18	3,818544	150	0,066452	22,032772	65	5	2,308295	50	0,090918	5	26,078305	26,078305	24,483507
12/01/2011	15:19	14,399246	150	0,399773	23,472696	65	5	10,580702	50	0,334866	5	26,078305	26,078305	33,464676
12/01/2011	15:19	15,321779	150	0,73891	25,004874	65	5	0,922533	50	0,348222	5	26,078305	26,078305	31,502599
12/01/2011	15:20	12,21896	150	0,994022	26,22677	65	0	-3,102819	50	0,271532	5	26,078305	38,910008	29,873227
12/01/2011	15:20	25,488643	150	1,526514	28,775635	65	5	13,269683	50	0,554101	5	29,782194	41,392799	44,278965
12/01/2011	15:21	39,863071	150	2,342185	32,761942	65	5	14,374427	50	0,84815	5	33,133611	43,639321	54,456941
12/01/2011	15:21	29,1035	150	2,899712	35,672292	65	5	-10,759571	50	0,606323	5	36,166099	45,672058	43,009864
12/01/2011	15:22	22,299324	150	3,295623	37,902224	65	5	-6,804176	50	0,455088	5	38,910008	47,511355	44,100284
12/01/2011	15:22	21,131494	150	3,65234	40,015374	65	5	-1,16783	50	0,42263	5	41,392799	49,17562	48,000839
12/01/2011	15:23	22,654092	150	4,024924	42,280783	65	5	1,522598	50	0,444198	5	43,639321	50,681509	51,951459
12/01/2011	15:23	20,420224	150	4,340218	44,322805	65	5	-2,233868	50	0,392697	5	45,672058	52,044093	51,597348
12/01/2011	15:24	25,089018	150	4,731705	46,831707	65	5	4,668793	50	0,473378	5	47,511355	53,277011	58,734831
12/01/2011	15:24	19,997167	150	5,014398	48,831424	65	5	-5,091851	50	0,370318	5	49,17562	54,392601	54,79355
12/01/2011	15:25	14,32972	150	5,183768	50,264396	65	5	-5,667447	50	0,26054	5	50,681509	55,402028	53,729305
12/01/2011	15:25	11,083939	150	5,289128	51,372789	65	5	-3,245781	50	0,197927	5	52,044093	56,315396	54,508052
12/01/2011	15:26	7,712359	150	5,331641	52,144025	65	5	-3,37158	50	0,135305	5	53,277011	57,141845	53,880337
12/01/2011	15:26	11,830598	150	5,443692	53,327085	65	5	4,118239	50	0,203976	5	54,392601	57,889648	59,70662
12/01/2011	15:27	11,886166	150	5,552886	54,515702	65	5	0,055569	50	0,20146	5	55,402028	58,566287	59,292396
12/01/2011	15:27	10,948544	150	5,642814	55,610556	65	5	-0,937622	50	0,182476	5	56,315396	59,178536	59,614925
12/01/2011	15:28	10,471231	150	5,721968	56,657679	65	5	-0,477313	50	0,17166	5	57,141845	59,732521	60,655246
12/01/2011	15:28	13,161602	150	5,841962	57,973839	65	0	2,69037	50	0,212284	5	57,889648	60,233788	64,314628
12/01/2011	15:29	12,08603	150	5,941075	59,182442	65	0	-1,075571	50	0,191842	5	58,566287	60,687353	63,586626
12/01/2011	15:29	8,593095	150	5,982512	60,041752	65	0	-3,492935	50	0,134267	5	59,178536	61,097756	62,081816
12/01/2011	15:30	11,12814	150	6,061676	61,154566	65	0	2,535044	50	0,171202	5	59,732521	61,469103	66,619839
12/01/2011	15:30	7,816582	150	6,088265	61,936224	65	0	-3,311558	50	0,118433	5	60,233788	61,805113	63,738233
12/01/2011	15:31	5,853207	150	6,084757	62,521545	65	0	-1,963374	50	0,087361	5	60,687353	62,109146	64,077478
12/01/2011	15:31	2,580204	150	6,03322	62,779565	65	0	-3,273003	50	0,037944	5	61,097756	62,384248	62,502446
12/01/2011	15:32	1,745043	150	5,971072	62,954069	65	0	-0,835161	50	0,02529	5	61,469103	62,633169	63,318022
12/01/2011	15:32	1,160801	150	5,902354	63,07015	65	0	-0,584242	50	0,016583	5	61,805113	62,858403	63,300774
12/01/2011	15:33	0,670865	150	5,828671	63,137236	65	0	-0,489937	50	0,009449	5	62,109146	63,062203	63,209607
12/01/2011	15:33	0,206268	150	5,750582	63,157863	65	0	-0,464597	50	0,002865	5	62,384248	63,246609	63,054531
12/01/2011	15:34	2,151762	150	5,701283	63,373039	65	0	1,945494	50	0,029476	5	62,633169	63,413466	65,011942
12/01/2011	15:34	2,949478	150	5,664097	63,667987	65	0	0,797716	50	0,039858	5	62,858403	63,564445	65,166865
12/01/2011	15:35	1,918329	150	5,614153	63,85982	65	0	-1,031149	50	0,025578	5	63,062203	63,701056	64,214692
12/01/2011	15:35	1,528239	150	5,560391	64,012644	65	0	-0,39009	50	0,020108	5	63,246609	63,824667	64,467904
12/01/2011	15:36	2,63173	150	5,522356	64,275817	65	0	1,103491	50	0,034178	5	63,413466	63,936514	65,769905
12/01/2011	15:36	1,259374	150	5,467703	64,401754	65	0	-1,372355	50	0,016146	5	63,564445	64,037718	64,356562
12/01/2011	15:37	1,136917	150	5,412883	64,515446	65	0	-0,122457	50	0,014391	5	63,701056	64,129292	64,92123
12/01/2011	15:37	0,738463	150	5,354453	64,589292	65	0	-0,398454	50	0,009231	5	63,824667	64,21215	64,725295
12/01/2011	15:38	1,620332	150	5,308352	64,751325	65	0	0,881869	50	0,020004	5	63,936514	64,287124	65,752206
12/01/2011	15:38	3,101604	150	5,281441	65,061486	65	0	1,481272	50	0,037824	5	64,037718	64,354963	66,894636
12/01/2011	15:39	0,705713	150	5,226311	65,132057	65	0	-2,39589	50	0,008503	5	64,129292	64,416347	64,455986
12/01/2011	15:39	-0,198091	150	5,161735	65,112248	65	0	-0,903805	50	-0,002358	5	64,21215	64,471889	64,67149
12/01/2011	15:40	-1,940913	150	5,078175	64,918157	65	0	-1,742821	50	-0,022834	5	64,287124	64,522145	63,444663
12/01/2011	15:40	0,198589	150	5,021435	64,938016	65	0	2,139502	50	0,002309	5	64,354963	64,567619	65,873252
12/01/2011	15:41	-1,020542	150	4,951987	64,835961	65	0	-1,219131	50	-0,01173	5	64,416347	64,608766	63,940092
12/01/2011	15:41	-0,97323	150	4,884655	64,738638	65	0	0,047312	50	-0,011059	5	64,471889	64,645996	64,368271
12/01/2011	15:42	1,789422	150	4,849877	64,917581	65	0	2,762652	50	0,020106	5	64,522145	64,679684	66,73841
12/01/2011	15:42	0,854907	150	4,805489	65,003071	65	0	-0,934515	50	0,009499	5	64,567619	64,710166	64,971228
12/01/2011	15:43	0,648826	150	4,759811	65,067954	65	0	-0,206081	50	0,00713	5	64,608766	64,737748	65,245052
12/01/2011	15:43	1,21591	150	4,721291	65,189545	65	0	0,567084	50	0,013216	5	64,645996	64,762704	65,902743
12/01/2011	15:44	-0,179512	150	4,668594	65,171594	65	0	-1,395422	50	-0,00193	5	64,679684	64,785286	64,54162
12/01/2011	15:44	-1,915319	150	4,598552	64,980062	65	0	-1,735807	50	-0,020376	5	64,710166	64,805719	63,519611
12/01/2011	15:45	0,825008	150	4,558831	65,062563	65	0	2,740327	50	0,008684	5	64,737748	64,824207	66,488697
12/01/2011	15:45	-0,931245	150	4,501642	64,969438	65	0	-1,756253	50	-0,0097	5	64,762704	64,840936	63,894439
12/01/2011	15:46	-0,946717	150	4,445474	64,874766	65	0	-0,015473	50	-0,00976	5	64,785286	64,856073	64,48989
12/01/2011	15:46	-1,661808	150	4,383154	64,708586	65	5	-0,715091	50	-0,016957	5	64,805719	64,869769	63,757826
12/01/2011	15:47	0,705371	150	4,346005	64,779123	65	5	2,367179	50	0,007125	5	64,824207	64,882162	66,008143
12/01/2011	15:47	0,311838	150	4,305663	64,810306	65	5	-0,393533	50	0,003118	5	64,840936	64,893376	64,777628
12/01/2011	15:48	-1,815479	150	4,245058	64,628759	65	5	-2,127317	50	-0,017975	5	64,856073	64,903523	63,05164
12/01/2011	15:48	-2,683918	150	4,177127	64,360367	65	5	-0,868439	50	-0,026313	5	64,869769	64,912704	62,939424
12/01/2011	15:49	-1,846227	150	4,118648	64,175744	65	5	0,837691	50	-0,017925	5	64,882162	64,921011	63,77233
12/01/2011	15:49	-0,819208	150	4,071168	64,093823	65	5	1,027019	50	-0,007877	5	64,893376	64,928528	64,176948
12/01/2011	15:50	-1,103984	150	4,021881	63,983425	65	5	-0,284777	50	-0,010514	5	64,903523	64,935329	63,42792
12/01/2011	15:50	0,743433	150	3,990952	64,057768	65	5	1,847418	50	0,007014	5	64,912704	64,941484	65,094109
12/01/2011	15:51	-0,862059	150	3,945597	63,971562	65	5	-1,605493	50	-0,008057	5	64,921011	64,947052	62,984541
12/01/2011	15:51	-2,206267	150	3,888635	63,750936	65	5	-1,344207	50	-0,020428	5	64,928528	64,952091	62,330746
12/01/2011	15:52	-0,936176	150	3,844371	63,657318	65	5	1,270091	50	-0,008589	5	64,935329	64,95665	63,790884
12/01/2011	15:52	2,618933	150	3,833231	63,919211	65	5	3,555109	50	0,023808	5	64,941484	64,960775	66,388828
12/01/2011	15:53	-0,286761	150	3,796114	63,890535	65	5	-2,905694	50	-0,002583	5	64,947052	64,964508	62,613553
12/01/2011	15:53	3,557851	150	3,793986	64,24632	65	5	3,844611	50	0,031767	5	64,952091	64,967886	67,207305
12/01/2011	15:54	8,04311	150	3,831589	65,050631	65	0	4,485259	50	0,071178	5	64,95665	64,970942	70,061979
12/01/2011	15:54	7,30505	150	3,862058	65,781136	65	0	-0,73806	50	0,064079	5	64,960775	64,973707	68,407932
12/01/2011	15:55	5,700541	150	3,878045	66,35119	65	0	-1,604509	50	0,04957	5	64,964508	64,976209	67,989603
12/01/2011	15:55	6,464647	150	3,900343	66,997655	65	0	0,764106	50	0,05573	5	64,967886	64,978473	69,889156
12/01/2011	15:56	5,929646	150	3,917688	67,59062	65	0	-0,535001	50	0,050681	5	64,970942	64,980522	69,748477
12/01/2011	15:56	4,719773	150	3,924485	68,062597	65	0	-1,209873	50	0,039998	5	64,973707	64,982375	69,466557
12/01/2011	15:57	6,118044	150	3,942918	68,674401	65	0	1,398271	50	0,051412	5	64,976209	64,984052	71,680928
12/01/2011	15:57	3,564028	150	3,939761	69,030804	65	0	-2,554016	50	0,0297	5	64,978473	64,98557	69,434809
12/01/2011	15:58	2,007962	150	3,923796	69,2316	65	0	-1,556067	50	0,016595	5	64,980522	64,986943	69,412358
12/01/2011	15:58	4,656193	150	3,929799	69,69722	65	0	2,648231	50	0,038166	5	64,982375	64,988186	72,618989
12/01/2011	15:59	4,729709	150	3,936302	70,17019	65	0	0,073516	50	0,038453	5	64,984052	64,98931	72,09148
12/01/2011	15:59	1,975827	150	3,920492	70,367773	65	0	-2,753882	50	0,015934	5	64,98557	64,990327	70,056552
12/01/2011	16:00	3,200967	150	3,914736	70,68787	65	0	1,22514	50	0,025608	5	64,986943	64,991248	72,458313
12/01/2011	16:00	2,690056	150	3,905016	70,956876	65	0	-0,510911	50	0,02135	5	64,988186	64,992081	71,828533
12/01/2011	16:01	2,734341	150	3,895798	71,23031	65	0	0,044285	50	0,02153	5	64,98931	64,992834	72,34176
12/01/2011	16:01	-1,295971	150	3,855238	71,100713	65	0	-4,030312	50	-0,010125	5	64,990327	64,993516	68,9702
12/01/2011	16:02	1,252509	150	3,835061	71,225963	65	0	2,548479	50	0,009709	5	64,991248	64,994133	72,746359
12/01/2011	16:02	0,424489	150	3,808826	71,268412	65	0	-0,828019	50	0,003265	5	64,992081	64,994692	71,107
12/01/2011	16:03	-1,222569	150	3,770419	71,146155	65	0	-1,647058	50	-0,009333	5	64,992834	64,995197	69,998305
12/01/2011	16:03	-0,163249	150	3,740618	71,129831	65	0	1,05932	50	-0,001237	5	64,993516	64,995654	71,488259
12/01/2011	16:04	3,075553	150	3,735618	71,437386	65	0	3,238802	50	0,023124	5	64,994133	64,996067	73,963128
12/01/2011	16:04	0,730746	150	3,713193	71,510461	65	0	-2,344808	50	0,005453	5	64,994692	64,996442	70,864836
12/01/2011	16:05	0,398351	150	3,688639	71,550296	65	0	-0,332394	50	0,002951	5	64,995197	64,99678	71,576678
12/01/2011	16:05	-1,941042	150	3,647244	71,356191	65	0	-2,339393	50	-0,014272	5	64,995654	64,997087	69,644018
12/01/2011	16:06	-1,365311	150	3,610656	71,21966	65	0	0,575731	50	-0,009966	5	64,996067	64,997364	70,903828
12/01/2011	16:06	-0,423167	150	3,581425	71,177344	65	0	0,942144	50	-0,003066	5	64,996442	64,997615	71,384934
12/01/2011	16:07	1,090792	150	3,563507	71,286423	65	0	1,513959	50	0,007847	5	64,99678	64,997842	72,328323
12/01/2011	16:07	-0,318972	150	3,535775	71,254526	65	0	-1,409764	50	-0,002278	5	64,997087	64,998047	70,563032
12/01/2011	16:08	0,380123	150	3,513395	71,292538	65	0	0,699095	50	0,002696	5	64,997364	64,998233	71,724225
12/01/2011	16:08	-1,917731	150	3,475147	71,100765	65	0	-2,297854	50	-0,013505	5	64,997615	64,998401	69,414531
12/01/2011	16:09	-2,788495	150	3,431346	70,821915	65	0	-0,870764	50	-0,0195	5	64,997842	64,998553	69,358212
12/01/2011	16:09	-2,971633	150	3,386881	70,524752	65	0	-0,183138	50	-0,020636	5	64,998047	64,998691	69,262844
12/01/2011	16:10	-1,077379	150	3,356093	70,417014	65	0	1,894254	50	-0,00743	5	64,998233	64,998816	70,743764
12/01/2011	16:10	0,527759	150	3,33672	70,46979	65	0	1,605138	50	0,003615	5	64,998401	64,998928	71,322949
12/01/2011	16:11	0,856171	150	3,319846	70,555407	65	0	0,328412	50	0,005824	5	64,998553	64,99903	71,029241
12/01/2011	16:11	-1,926434	150	3,284398	70,362764	65	0	-2,782605	50	-0,013016	5	64,998691	64,999123	68,479148
12/01/2011	16:12	-3,36337	150	3,239782	70,026427	65	0	-1,436936	50	-0,022573	5	64,998816	64,999206	68,106304
12/01/2011	16:12	-3,140249	150	3,197249	69,712402	65	0	0,223121	50	-0,020935	5	64,998928	64,999282	68,54555
12/01/2011	16:13	-0,838379	150	3,170523	69,628564	65	0	2,30187	50	-0,005552	5	64,99903	64,99935	70,21396
12/01/2011	16:13	-3,673538	150	3,125496	69,26121	65	0	-2,835159	50	-0,024168	5	64,999123	64,999412	66,657731
12/01/2011	16:14	-2,54393	150	3,088441	69,006817	65	0	1,129608	50	-0,016627	5	64,999206	64,999468	68,441088
12/01/2011	16:14	-3,35146	150	3,046623	68,671671	65	0	-0,80753	50	-0,021763	5	64,999282	64,999518	67,008075
12/01/2011	16:15	-1,885452	150	3,014803	68,483126	65	0	1,466008	50	-0,012164	5	64,99935	64,999564	68,315348
12/01/2011	16:15	-2,671568	150	2,978352	68,215969	65	0	-0,786116	50	-0,017125	5	64,999412	64,999606	66,832895
12/01/2011	16:16	-2,191974	150	2,94542	67,996772	65	0	0,479595	50	-0,013962	5	64,999468	64,999643	67,31182
12/01/2011	16:16	-3,24649	150	2,906231	67,672123	65	0	-1,054517	50	-0,020547	5	64,999518	64,999677	65,95172
12/01/2011	16:17	-1,114307	150	2,880945	67,560692	65	0	2,132183	50	-0,007008	5	64,999564	64,999708	67,967842
12/01/2011	16:17	-1,636873	150	2,852708	67,397005	65	0	-0,522565	50	-0,01023	5	64,999606	64,999736	66,533229
12/01/2011	16:18	-2,834443	150	2,817384	67,11356	65	0	-1,19757	50	-0,017605	5	64,999643	64,999761	65,500755
12/01/2011	16:18	-4,212284	150	2,773991	66,692332	65	0	-1,377842	50	-0,026002	5	64,999677	64,999784	64,456282
12/01/2011	16:19	-0,475322	150	2,754057	66,6448	65	0	3,736963	50	-0,002916	5	64,999708	64,999804	67,949456
12/01/2011	16:19	-2,160066	150	2,724093	66,428793	65	0	-1,684745	50	-0,013171	5	64,999736	64,999823	64,890869
12/01/2011	16:20	-3,359378	150	2,687223	66,092855	65	0	-1,199312	50	-0,02036	5	64,999761	64,99984	64,26938
12/01/2011	16:20	-2,550673	150	2,65567	65,837788	65	0	0,808705	50	-0,015365	5	64,999784	64,999855	65,141001
12/01/2011	16:21	-2,748274	150	2,623311	65,562961	65	0	-0,197601	50	-0,016457	5	64,999804	64,999869	64,38461
12/01/2011	16:21	-1,586439	150	2,598253	65,404317	65	0	1,161835	50	-0,009443	5	64,999823	64,999881	65,234475
12/01/2011	16:22	-0,904563	150	2,577526	65,31386	65	0	0,681876	50	-0,005352	5	64,99984	64,999893	65,224785
12/01/2011	16:22	-2,629673	150	2,546895	65,050893	65	0	-1,725109	50	-0,015469	5	64,999855	64,999903	63,308981
12/01/2011	16:23	-3,343946	150	2,512446	64,716499	65	5	-0,714273	50	-0,019555	5	64,999869	64,999912	63,093211
12/01/2011	16:23	-3,194992	150	2,479263	64,397	65	5	0,148954	50	-0,018576	5	64,999881	64,99992	63,178584
12/01/2011	16:24	-1,443312	150	2,456589	64,252668	65	5	1,75168	50	-0,008343	5	64,999893	64,999928	64,376016
12/01/2011	16:24	-3,223772	150	2,423944	63,930291	65	5	-1,78046	50	-0,018527	5	64,999903	64,999935	61,928598
12/01/2011	16:25	-2,989008	150	2,393012	63,63139	65	5	0,234763	50	-0,01708	5	64,999912	64,999941	62,529692
12/01/2011	16:25	-2,75024	150	2,363789	63,356366	65	5	0,238768	50	-0,015626	5	64,99992	64,999947	62,351777
12/01/2011	16:26	-2,641733	150	2,33551	63,092193	65	5	0,108507	50	-0,014925	5	64,999928	64,999952	62,078903
12/01/2011	16:26	-2,650554	150	2,307498	62,827138	65	5	-0,008822	50	-0,014891	5	64,999935	64,999956	61,763387
12/01/2011	16:27	-2,700926	150	2,279518	62,557045	65	5	-0,050372	50	-0,015089	5	64,999941	64,99996	61,456525
12/01/2011	16:27	6,466029	150	2,302776	63,203648	65	5	9,166956	50	0,035922	5	64,999947	64,999964	69,456842
12/01/2011	16:28	27,138626	150	2,439991	65,91751	65	0	20,672596	50	0,149937	5	64,999952	64,999968	85,041999
12/01/2011	16:28	26,457034	150	2,571953	68,563214	65	0	-0,681592	50	0,145368	5	64,999956	64,999971	78,873391
12/01/2011	16:29	14,06643	150	2,634764	69,969857	65	0	-12,390604	50	0,076866	5	64,99996	64,999974	70,640187
12/01/2011	16:29	10,924538	150	2,679817	71,062311	65	0	-3,141892	50	0,059372	5	64,999964	64,999976	74,175369
12/01/2011	16:30	6,724173	150	2,701679	71,734728	65	0	-4,200365	50	0,036347	5	64,999968	64,999978	72,744251
12/01/2011	16:30	5,221936	150	2,715228	72,256922	65	0	-1,502237	50	0,028075	5	64,999971	64,99998	73,744801
12/01/2011	16:31	3,25071	150	2,718092	72,581992	65	0	-1,971226	50	0,017383	5	64,999974	64,999982	73,093786
12/01/2011	16:31	5,66354	150	2,733759	73,148346	65	0	2,41283	50	0,030125	5	64,999976	64,999984	76,378894
12/01/2011	16:32	6,221486	150	2,752213	73,770495	65	0	0,557947	50	0,032918	5	64,999978	64,999985	76,482268
