Date		Heure	Vitesse M.	Vitesse I.	Temp. M.	Temp. I.	Cde TC		Accél. M.	Accél. I.	Coef. X
16/07/2010	14:49	296,928345	15,000000	24,744029	65,000000	0,000000	296,928345	5,000000	5,000000
16/07/2010	14:49	0,343885	15,000000	24,772686	65,000000	0,000000	-296,584461	5,000000	5,000000
16/07/2010	14:50	-0,747442	15,000000	24,710399	65,000000	5,000000	-1,091327	5,000000	5,000000
16/07/2010	14:50	0,274148	15,000000	24,733245	65,000000	5,000000	1,021591	5,000000	5,000000
16/07/2010	14:50	-0,038820	15,000000	24,730010	65,000000	5,000000	-0,312969	5,000000	5,000000
16/07/2010	14:50	-0,432537	15,000000	24,693965	65,000000	5,000000	-0,393717	5,000000	5,000000
16/07/2010	14:50	-0,139702	15,000000	24,682323	65,000000	5,000000	0,292835	5,000000	5,000000
16/07/2010	14:50	0,957557	15,000000	24,762119	65,000000	5,000000	1,097260	5,000000	5,000000
16/07/2010	14:50	0,423915	15,000000	24,797446	65,000000	5,000000	-0,533643	5,000000	5,000000
16/07/2010	14:50	-0,279820	15,000000	24,774127	65,000000	5,000000	-0,703734	5,000000	5,000000
16/07/2010	14:50	0,196214	15,000000	24,790479	65,000000	5,000000	0,476034	5,000000	5,000000
16/07/2010	14:50	-0,564105	15,000000	24,743470	65,000000	5,000000	-0,760319	5,000000	5,000000
16/07/2010	14:50	0,474452	15,000000	24,783007	65,000000	5,000000	1,038557	5,000000	5,000000
16/07/2010	14:50	-0,461514	15,000000	24,744548	65,000000	5,000000	-0,935966	5,000000	5,000000
16/07/2010	14:51	0,275164	15,000000	24,767478	65,000000	5,000000	0,736678	5,000000	5,000000
16/07/2010	14:51	0,300663	15,000000	24,792534	65,000000	5,000000	0,025499	5,000000	5,000000
16/07/2010	14:51	0,063708	15,000000	24,797843	65,000000	5,000000	-0,236955	5,000000	5,000000
16/07/2010	14:51	0,824157	15,000000	24,866522	65,000000	5,000000	0,760448	5,000000	5,000000
16/07/2010	14:51	-0,773843	15,000000	24,802035	65,000000	5,000000	-1,598000	5,000000	5,000000
16/07/2010	14:51	0,013057	15,000000	24,803123	65,000000	5,000000	0,786900	5,000000	5,000000
16/07/2010	14:51	0,284963	15,000000	24,826870	65,000000	5,000000	0,271906	5,000000	5,000000
16/07/2010	14:51	-0,210291	15,000000	24,809346	65,000000	5,000000	-0,495254	5,000000	5,000000
16/07/2010	14:51	0,361604	15,000000	24,839480	65,000000	5,000000	0,571895	5,000000	5,000000
16/07/2010	14:51	-0,212032	15,000000	24,821810	65,000000	5,000000	-0,573636	5,000000	5,000000
16/07/2010	14:51	1,017314	15,000000	24,906587	65,000000	5,000000	1,229346	5,000000	5,000000
16/07/2010	14:51	-1,418182	15,000000	24,788405	65,000000	5,000000	-2,435496	5,000000	5,000000
16/07/2010	14:52	0,405033	15,000000	24,822158	65,000000	5,000000	1,823215	5,000000	5,000000
16/07/2010	14:52	-0,224934	15,000000	24,803413	65,000000	5,000000	-0,629968	5,000000	5,000000
16/07/2010	14:52	0,354102	15,000000	24,832922	65,000000	5,000000	0,579037	5,000000	5,000000
16/07/2010	14:52	0,645071	15,000000	24,886678	65,000000	5,000000	0,290969	5,000000	5,000000
16/07/2010	14:52	-0,430852	15,000000	24,850773	65,000000	5,000000	-1,075923	5,000000	5,000000
16/07/2010	14:52	0,500410	15,000000	24,892474	65,000000	5,000000	0,931263	5,000000	5,000000
16/07/2010	14:52	-0,251153	15,000000	24,871545	65,000000	5,000000	-0,751563	5,000000	5,000000
16/07/2010	14:52	-0,385809	15,000000	24,839394	65,000000	5,000000	-0,134656	5,000000	5,000000
16/07/2010	14:52	0,534362	15,000000	24,883924	65,000000	5,000000	0,920171	5,000000	5,000000
16/07/2010	14:52	-0,197824	15,000000	24,867439	65,000000	5,000000	-0,732186	5,000000	5,000000
16/07/2010	14:52	-0,376416	15,000000	24,836071	65,000000	5,000000	-0,178592	5,000000	5,000000
16/07/2010	14:52	0,383195	15,000000	24,868004	65,000000	5,000000	0,759611	5,000000	5,000000
16/07/2010	14:53	-0,134379	15,000000	24,856805	65,000000	5,000000	-0,517574	5,000000	5,000000
16/07/2010	14:53	0,311205	15,000000	24,882739	65,000000	5,000000	0,445585	5,000000	5,000000
16/07/2010	14:53	0,008593	15,000000	24,883455	65,000000	5,000000	-0,302612	5,000000	5,000000
16/07/2010	14:53	-0,765955	15,000000	24,819626	65,000000	5,000000	-0,774549	5,000000	5,000000
16/07/2010	14:53	1,692708	15,000000	24,960685	65,000000	5,000000	2,458664	5,000000	5,000000
16/07/2010	14:53	-1,109054	15,000000	24,868263	65,000000	5,000000	-2,801762	5,000000	5,000000
16/07/2010	14:53	0,111358	15,000000	24,877543	65,000000	5,000000	1,220412	5,000000	5,000000
16/07/2010	14:53	-0,464229	15,000000	24,838858	65,000000	5,000000	-0,575587	5,000000	5,000000
16/07/2010	14:53	0,349426	15,000000	24,867976	65,000000	5,000000	0,813655	5,000000	5,000000
16/07/2010	14:53	0,187698	15,000000	24,883618	65,000000	5,000000	-0,161728	5,000000	5,000000
16/07/2010	14:53	0,168322	15,000000	24,897645	65,000000	5,000000	-0,019376	5,000000	5,000000
16/07/2010	14:53	-0,164641	15,000000	24,883925	65,000000	5,000000	-0,332963	5,000000	5,000000
16/07/2010	14:54	0,294233	15,000000	24,908444	65,000000	5,000000	0,458873	5,000000	5,000000
16/07/2010	14:54	0,739372	15,000000	24,970058	65,000000	5,000000	0,445139	5,000000	5,000000
16/07/2010	14:54	-0,645471	15,000000	24,916269	65,000000	5,000000	-1,384842	5,000000	5,000000
16/07/2010	14:54	0,013650	15,000000	24,917407	65,000000	5,000000	0,659121	5,000000	5,000000
16/07/2010	14:54	-0,217217	15,000000	24,899305	65,000000	5,000000	-0,230868	5,000000	5,000000
16/07/2010	14:54	-0,542520	15,000000	24,854095	65,000000	5,000000	-0,325302	5,000000	5,000000
16/07/2010	14:54	1,087927	15,000000	24,944756	65,000000	5,000000	1,630446	5,000000	5,000000
16/07/2010	14:54	-0,136507	15,000000	24,933380	65,000000	5,000000	-1,224434	5,000000	5,000000
16/07/2010	14:54	0,560870	15,000000	24,980119	65,000000	5,000000	0,697377	5,000000	5,000000
16/07/2010	14:54	-0,480986	15,000000	24,940037	65,000000	5,000000	-1,041856	5,000000	5,000000
16/07/2010	14:54	0,546263	15,000000	24,985559	65,000000	5,000000	1,027250	5,000000	5,000000
16/07/2010	14:54	0,582010	15,000000	25,034060	65,000000	5,000000	0,035746	5,000000	5,000000
16/07/2010	14:55	-0,963836	15,000000	24,953740	65,000000	5,000000	-1,545846	5,000000	5,000000
16/07/2010	14:55	0,794693	15,000000	25,019965	65,000000	5,000000	1,758530	5,000000	5,000000
16/07/2010	14:55	0,260522	15,000000	25,041675	65,000000	5,000000	-0,534172	5,000000	5,000000
16/07/2010	14:55	-0,389102	15,000000	25,009250	65,000000	5,000000	-0,649624	5,000000	5,000000
16/07/2010	14:55	0,135428	15,000000	25,020535	65,000000	5,000000	0,524530	5,000000	5,000000
16/07/2010	14:55	0,125191	15,000000	25,030968	65,000000	5,000000	-0,010237	5,000000	5,000000
16/07/2010	14:55	1,199062	15,000000	25,130890	65,000000	5,000000	1,073871	5,000000	5,000000
16/07/2010	14:55	-0,395420	15,000000	25,097938	65,000000	5,000000	-1,594482	5,000000	5,000000
16/07/2010	14:55	0,307851	15,000000	25,123592	65,000000	5,000000	0,703272	5,000000	5,000000
16/07/2010	14:55	0,741563	15,000000	25,185389	65,000000	5,000000	0,433711	5,000000	5,000000
16/07/2010	14:55	0,576240	15,000000	25,233409	65,000000	5,000000	-0,165323	5,000000	5,000000
16/07/2010	14:55	-0,397464	15,000000	25,200287	65,000000	5,000000	-0,973704	5,000000	5,000000
16/07/2010	14:56	1,127289	15,000000	25,294228	65,000000	5,000000	1,524753	5,000000	5,000000
16/07/2010	14:56	0,107985	15,000000	25,303227	65,000000	5,000000	-1,019304	5,000000	5,000000
16/07/2010	14:56	0,819714	15,000000	25,371536	65,000000	5,000000	0,711729	5,000000	5,000000
16/07/2010	14:56	0,326867	15,000000	25,398775	65,000000	5,000000	-0,492847	5,000000	5,000000
16/07/2010	14:56	0,243983	15,000000	25,419107	65,000000	5,000000	-0,082884	5,000000	5,000000
16/07/2010	14:56	-0,103033	15,000000	25,410521	65,000000	5,000000	-0,347016	5,000000	5,000000
16/07/2010	14:56	0,624461	15,000000	25,462559	65,000000	5,000000	0,727494	5,000000	5,000000
16/07/2010	14:56	0,702498	15,000000	25,521101	65,000000	5,000000	0,078037	5,000000	5,000000
16/07/2010	14:56	0,416268	15,000000	25,555790	65,000000	5,000000	-0,286230	5,000000	5,000000
16/07/2010	14:56	0,456746	15,000000	25,593852	65,000000	5,000000	0,040478	5,000000	5,000000
16/07/2010	14:56	0,796257	15,000000	25,660207	65,000000	5,000000	0,339511	5,000000	5,000000
16/07/2010	14:56	0,638572	15,000000	25,713421	65,000000	5,000000	-0,157685	5,000000	5,000000
16/07/2010	14:57	0,155181	15,000000	25,726353	65,000000	5,000000	-0,483391	5,000000	5,000000
16/07/2010	14:57	1,190945	15,000000	25,825598	65,000000	5,000000	1,035765	5,000000	5,000000
16/07/2010	14:57	-0,212158	15,000000	25,807918	65,000000	5,000000	-1,403104	5,000000	5,000000
16/07/2010	14:57	0,888940	15,000000	25,881997	65,000000	5,000000	1,101099	5,000000	5,000000
16/07/2010	14:57	0,812717	15,000000	25,949723	65,000000	5,000000	-0,076223	5,000000	5,000000
16/07/2010	14:57	-0,119876	15,000000	25,939734	65,000000	5,000000	-0,932593	5,000000	5,000000
16/07/2010	14:57	0,253503	15,000000	25,960859	65,000000	5,000000	0,373379	5,000000	5,000000
16/07/2010	14:57	0,322542	15,000000	25,987737	65,000000	5,000000	0,069039	5,000000	5,000000
16/07/2010	14:57	0,470555	15,000000	26,026950	65,000000	5,000000	0,148013	5,000000	5,000000
16/07/2010	14:57	0,812856	15,000000	26,094688	65,000000	5,000000	0,342301	5,000000	5,000000
16/07/2010	14:57	-0,437391	15,000000	26,058239	65,000000	5,000000	-1,250247	5,000000	5,000000
16/07/2010	14:57	1,728528	15,000000	26,202283	65,000000	5,000000	2,165918	5,000000	5,000000
16/07/2010	14:58	0,203729	15,000000	26,219260	65,000000	5,000000	-1,524799	5,000000	5,000000
16/07/2010	14:58	1,166626	15,000000	26,316479	65,000000	5,000000	0,962897	5,000000	5,000000
16/07/2010	14:58	0,499675	15,000000	26,358119	65,000000	5,000000	-0,666951	5,000000	5,000000
16/07/2010	14:58	0,578715	15,000000	26,406345	65,000000	5,000000	0,079040	5,000000	5,000000
16/07/2010	14:58	1,538730	15,000000	26,534573	65,000000	5,000000	0,960015	5,000000	5,000000
16/07/2010	14:58	0,366800	15,000000	26,565139	65,000000	5,000000	-1,171930	5,000000	5,000000
16/07/2010	14:58	1,929388	15,000000	26,725922	65,000000	5,000000	1,562588	5,000000	5,000000
16/07/2010	14:58	1,213958	15,000000	26,827085	65,000000	5,000000	-0,715430	5,000000	5,000000
16/07/2010	14:58	0,998322	15,000000	26,910278	65,000000	5,000000	-0,215636	5,000000	5,000000
16/07/2010	14:58	2,226291	15,000000	27,095803	65,000000	5,000000	1,227969	5,000000	5,000000
16/07/2010	14:58	1,143610	15,000000	27,191103	65,000000	5,000000	-1,082681	5,000000	5,000000
16/07/2010	14:58	1,396670	15,000000	27,307492	65,000000	5,000000	0,253060	5,000000	5,000000
16/07/2010	14:59	1,627502	15,000000	27,443118	65,000000	5,000000	0,230832	5,000000	5,000000
16/07/2010	14:59	2,169582	15,000000	27,623916	65,000000	5,000000	0,542080	5,000000	5,000000
16/07/2010	14:59	1,337800	15,000000	27,735400	65,000000	5,000000	-0,831782	5,000000	5,000000
16/07/2010	14:59	2,596378	15,000000	27,951764	65,000000	5,000000	1,258578	5,000000	5,000000
16/07/2010	14:59	1,308900	15,000000	28,060839	65,000000	5,000000	-1,287478	5,000000	5,000000
16/07/2010	14:59	3,002927	15,000000	28,311083	65,000000	5,000000	1,694027	5,000000	5,000000
16/07/2010	14:59	2,302965	15,000000	28,502997	65,000000	5,000000	-0,699962	5,000000	5,000000
16/07/2010	14:59	2,801130	15,000000	28,736425	65,000000	5,000000	0,498165	5,000000	5,000000
16/07/2010	14:59	5,136437	15,000000	29,164461	65,000000	5,000000	2,335307	5,000000	5,000000
16/07/2010	14:59	1,853220	15,000000	29,318896	65,000000	5,000000	-3,283217	5,000000	5,000000
16/07/2010	14:59	1,597833	15,000000	29,452049	65,000000	5,000000	-0,255387	5,000000	5,000000
16/07/2010	14:59	1,745824	15,000000	29,597534	65,000000	5,000000	0,147991	5,000000	5,000000
16/07/2010	15:00	1,412242	15,000000	29,715221	65,000000	5,000000	-0,333583	5,000000	5,000000
16/07/2010	15:00	1,398535	15,000000	29,831765	65,000000	5,000000	-0,013707	5,000000	5,000000
16/07/2010	15:00	1,685324	15,000000	29,972209	65,000000	5,000000	0,286789	5,000000	5,000000
16/07/2010	15:00	1,552982	15,000000	30,101624	65,000000	5,000000	-0,132342	5,000000	5,000000
16/07/2010	15:00	1,392817	15,000000	30,217692	65,000000	5,000000	-0,160166	5,000000	5,000000
16/07/2010	15:00	2,538066	15,000000	30,429198	65,000000	5,000000	1,145249	5,000000	5,000000
16/07/2010	15:00	2,238592	15,000000	30,615747	65,000000	5,000000	-0,299473	5,000000	5,000000
16/07/2010	15:00	2,304856	15,000000	30,807819	65,000000	5,000000	0,066263	5,000000	5,000000
16/07/2010	15:00	3,297242	15,000000	31,082589	65,000000	5,000000	0,992386	5,000000	5,000000
16/07/2010	15:00	3,900708	15,000000	31,407648	65,000000	5,000000	0,603467	5,000000	5,000000
16/07/2010	15:00	1,658325	15,000000	31,545841	65,000000	5,000000	-2,242384	5,000000	5,000000
16/07/2010	15:00	3,245451	15,000000	31,816296	65,000000	5,000000	1,587126	5,000000	5,000000
16/07/2010	15:01	4,903788	15,000000	32,224945	65,000000	5,000000	1,658337	5,000000	5,000000
16/07/2010	15:01	3,548034	15,000000	32,520614	65,000000	5,000000	-1,355754	5,000000	5,000000
16/07/2010	15:01	4,352483	15,000000	32,883321	65,000000	5,000000	0,804449	5,000000	5,000000
16/07/2010	15:01	4,439440	15,000000	33,253274	65,000000	5,000000	0,086957	5,000000	5,000000
16/07/2010	15:01	5,901408	15,000000	33,745058	65,000000	5,000000	1,461968	5,000000	5,000000
16/07/2010	15:01	5,492098	15,000000	34,202733	65,000000	5,000000	-0,409310	5,000000	5,000000
16/07/2010	15:01	3,647188	15,000000	34,506665	65,000000	5,000000	-1,844910	5,000000	5,000000
16/07/2010	15:01	5,484339	15,000000	34,963694	65,000000	5,000000	1,837151	5,000000	5,000000
16/07/2010	15:01	5,407312	15,000000	35,414303	65,000000	5,000000	-0,077027	5,000000	5,000000
16/07/2010	15:01	5,796364	15,000000	35,897333	65,000000	5,000000	0,389052	5,000000	5,000000
16/07/2010	15:01	7,003028	15,000000	36,480919	65,000000	5,000000	1,206664	5,000000	5,000000
16/07/2010	15:01	5,640417	15,000000	36,950954	65,000000	5,000000	-1,362611	5,000000	5,000000
16/07/2010	15:02	5,714294	15,000000	37,427145	65,000000	5,000000	0,073877	5,000000	5,000000
16/07/2010	15:02	6,150783	15,000000	37,939710	65,000000	5,000000	0,436489	5,000000	5,000000
16/07/2010	15:02	6,564646	15,000000	38,486764	65,000000	5,000000	0,413862	5,000000	5,000000
16/07/2010	15:02	6,569867	15,000000	39,034253	65,000000	5,000000	0,005222	5,000000	5,000000
16/07/2010	15:02	7,123356	15,000000	39,627866	65,000000	5,000000	0,553489	5,000000	5,000000
16/07/2010	15:02	7,252045	15,000000	40,232203	65,000000	5,000000	0,128688	5,000000	5,000000
16/07/2010	15:02	6,557955	15,000000	40,778699	65,000000	5,000000	-0,694090	5,000000	5,000000
16/07/2010	15:02	6,782385	15,000000	41,343898	65,000000	5,000000	0,224431	5,000000	5,000000
16/07/2010	15:02	7,952489	15,000000	42,006606	65,000000	5,000000	1,170104	5,000000	5,000000
16/07/2010	15:02	7,356752	15,000000	42,619668	65,000000	5,000000	-0,595737	5,000000	5,000000
16/07/2010	15:02	6,740385	15,000000	43,181367	65,000000	5,000000	-0,616367	5,000000	5,000000
16/07/2010	15:02	7,328260	15,000000	43,792055	65,000000	5,000000	0,587875	5,000000	5,000000
16/07/2010	15:03	6,819148	15,000000	44,360318	65,000000	5,000000	-0,509113	5,000000	5,000000
16/07/2010	15:03	10,698529	15,000000	45,251862	65,000000	5,000000	3,879381	5,000000	5,000000
16/07/2010	15:03	1,471335	15,000000	45,374473	65,000000	5,000000	-9,227194	5,000000	5,000000
16/07/2010	15:03	-0,330847	15,000000	45,346902	65,000000	5,000000	-1,802182	5,000000	5,000000
16/07/2010	15:03	-6,374709	15,000000	44,815677	65,000000	5,000000	-6,043862	5,000000	5,000000
16/07/2010	15:03	-2,524483	15,000000	44,605303	65,000000	5,000000	3,850226	5,000000	5,000000
16/07/2010	15:03	-2,176872	15,000000	44,423897	65,000000	5,000000	0,347611	5,000000	5,000000
16/07/2010	15:03	-2,217993	15,000000	44,239064	65,000000	5,000000	-0,041121	5,000000	5,000000
16/07/2010	15:03	-1,750150	15,000000	44,093218	65,000000	5,000000	0,467843	5,000000	5,000000
16/07/2010	15:03	-1,877587	15,000000	43,936753	65,000000	5,000000	-0,127437	5,000000	5,000000
16/07/2010	15:03	-0,727486	15,000000	43,876129	65,000000	5,000000	1,150101	5,000000	5,000000
16/07/2010	15:03	0,327373	15,000000	43,903410	65,000000	5,000000	1,054859	5,000000	5,000000
16/07/2010	15:04	-1,652605	15,000000	43,765693	65,000000	5,000000	-1,979977	5,000000	5,000000
16/07/2010	15:04	-1,215085	15,000000	43,664436	65,000000	5,000000	0,437520	5,000000	5,000000
16/07/2010	15:04	-1,513876	15,000000	43,538280	65,000000	5,000000	-0,298791	5,000000	5,000000
16/07/2010	15:04	-1,262934	15,000000	43,433035	65,000000	5,000000	0,250942	5,000000	5,000000
16/07/2010	15:04	-1,421286	15,000000	43,314595	65,000000	5,000000	-0,158352	5,000000	5,000000
16/07/2010	15:04	-0,367212	15,000000	43,283994	65,000000	5,000000	1,054074	5,000000	5,000000
16/07/2010	15:04	-0,821127	15,000000	43,215566	65,000000	5,000000	-0,453915	5,000000	5,000000
16/07/2010	15:04	0,084453	15,000000	43,222604	65,000000	0,000000	0,905580	5,000000	5,000000
16/07/2010	15:04	-0,044269	15,000000	43,218915	65,000000	0,000000	-0,128722	5,000000	5,000000
16/07/2010	15:04	0,165235	15,000000	43,232685	65,000000	0,000000	0,209504	5,000000	5,000000
16/07/2010	15:04	0,505596	15,000000	43,274818	65,000000	0,000000	0,340361	5,000000	5,000000
16/07/2010	15:04	-0,101796	15,000000	43,266335	65,000000	0,000000	-0,607392	5,000000	5,000000
16/07/2010	15:05	0,971872	15,000000	43,347324	65,000000	0,000000	1,073668	5,000000	5,000000
16/07/2010	15:05	-0,473462	15,000000	43,307869	65,000000	0,000000	-1,445334	5,000000	5,000000
16/07/2010	15:05	1,063581	15,000000	43,396500	65,000000	0,000000	1,537043	5,000000	5,000000
16/07/2010	15:05	0,204888	15,000000	43,413575	65,000000	0,000000	-0,858693	5,000000	5,000000
16/07/2010	15:05	-0,888034	15,000000	43,339572	65,000000	0,000000	-1,092922	5,000000	5,000000
16/07/2010	15:05	1,579920	15,000000	43,471232	65,000000	0,000000	2,467954	5,000000	5,000000
16/07/2010	15:05	1,118957	15,000000	43,564478	65,000000	0,000000	-0,460963	5,000000	5,000000
16/07/2010	15:05	-0,257968	15,000000	43,542981	65,000000	0,000000	-1,376925	5,000000	5,000000
16/07/2010	15:05	1,035247	15,000000	43,629251	65,000000	0,000000	1,293215	5,000000	5,000000
16/07/2010	15:05	1,492702	15,000000	43,753643	65,000000	0,000000	0,457455	5,000000	5,000000
16/07/2010	15:05	0,682938	15,000000	43,810555	65,000000	0,000000	-0,809764	5,000000	5,000000
16/07/2010	15:05	0,668713	15,000000	43,866281	65,000000	0,000000	-0,014225	5,000000	5,000000
16/07/2010	15:06	1,152798	15,000000	43,962347	65,000000	0,000000	0,484085	5,000000	5,000000
16/07/2010	15:06	0,007910	15,000000	43,963006	65,000000	0,000000	-1,144888	5,000000	5,000000
16/07/2010	15:06	0,595978	15,000000	44,012671	65,000000	0,000000	0,588068	5,000000	5,000000
16/07/2010	15:06	0,683873	15,000000	44,069661	65,000000	0,000000	0,087895	5,000000	5,000000
16/07/2010	15:06	1,330615	15,000000	44,180545	65,000000	0,000000	0,646741	5,000000	5,000000
16/07/2010	15:06	0,161051	15,000000	44,193966	65,000000	0,000000	-1,169564	5,000000	5,000000
16/07/2010	15:06	0,258786	15,000000	44,215532	65,000000	0,000000	0,097735	5,000000	5,000000
16/07/2010	15:06	1,180514	15,000000	44,313908	65,000000	0,000000	0,921728	5,000000	5,000000
16/07/2010	15:06	-0,956208	15,000000	44,234224	65,000000	0,000000	-2,136722	5,000000	5,000000
16/07/2010	15:06	0,626947	15,000000	44,286469	65,000000	0,000000	1,583155	5,000000	5,000000
16/07/2010	15:06	2,410383	15,000000	44,487335	65,000000	0,000000	1,783436	5,000000	5,000000
16/07/2010	15:06	0,369056	15,000000	44,518089	65,000000	0,000000	-2,041327	5,000000	5,000000
16/07/2010	15:07	1,146415	15,000000	44,613624	65,000000	5,000000	0,777359	5,000000	5,000000
16/07/2010	15:07	-0,079557	15,000000	44,606994	65,000000	5,000000	-1,225972	5,000000	5,000000
16/07/2010	15:07	1,086015	15,000000	44,697495	65,000000	5,000000	1,165572	5,000000	5,000000
16/07/2010	15:07	0,097536	15,000000	44,705623	65,000000	5,000000	-0,988478	5,000000	5,000000
16/07/2010	15:07	0,567624	15,000000	44,752925	65,000000	5,000000	0,470088	5,000000	5,000000
16/07/2010	15:07	0,340940	15,000000	44,781337	65,000000	5,000000	-0,226684	5,000000	5,000000
16/07/2010	15:07	1,562063	15,000000	44,911509	65,000000	5,000000	1,221123	5,000000	5,000000
16/07/2010	15:07	2,032632	15,000000	45,080895	65,000000	5,000000	0,470569	5,000000	5,000000
16/07/2010	15:07	1,592843	15,000000	45,213632	65,000000	5,000000	-0,439788	5,000000	5,000000
16/07/2010	15:07	2,622241	15,000000	45,432152	65,000000	5,000000	1,029398	5,000000	5,000000
16/07/2010	15:07	1,925367	15,000000	45,592599	65,000000	5,000000	-0,696874	5,000000	5,000000
16/07/2010	15:07	2,694825	15,000000	45,817168	65,000000	5,000000	0,769458	5,000000	5,000000
16/07/2010	15:08	3,808844	15,000000	46,134572	65,000000	5,000000	1,114018	5,000000	5,000000
16/07/2010	15:08	2,019097	15,000000	46,302830	65,000000	5,000000	-1,789746	5,000000	5,000000
16/07/2010	15:08	3,414244	15,000000	46,587350	65,000000	5,000000	1,395147	5,000000	5,000000
16/07/2010	15:08	3,221827	15,000000	46,855836	65,000000	5,000000	-0,192417	5,000000	5,000000
16/07/2010	15:08	4,162118	15,000000	47,202679	65,000000	5,000000	0,940291	5,000000	5,000000
16/07/2010	15:08	3,481177	15,000000	47,492777	65,000000	5,000000	-0,680941	5,000000	5,000000
16/07/2010	15:08	4,111512	15,000000	47,835403	65,000000	5,000000	0,630335	5,000000	5,000000
16/07/2010	15:08	4,161679	15,000000	48,182210	65,000000	5,000000	0,050166	5,000000	5,000000
16/07/2010	15:08	2,833368	15,000000	48,418324	65,000000	5,000000	-1,328311	5,000000	5,000000
16/07/2010	15:08	3,581538	15,000000	48,716785	65,000000	5,000000	0,748170	5,000000	5,000000
16/07/2010	15:08	3,356304	15,000000	48,996477	65,000000	5,000000	-0,225234	5,000000	5,000000
16/07/2010	15:08	4,129298	15,000000	49,340585	65,000000	5,000000	0,772994	5,000000	5,000000
16/07/2010	15:09	4,136344	15,000000	49,685281	65,000000	5,000000	0,007046	5,000000	5,000000
16/07/2010	15:09	3,325023	15,000000	49,962366	65,000000	5,000000	-0,811321	5,000000	5,000000
16/07/2010	15:09	5,285995	15,000000	50,402865	65,000000	5,000000	1,960972	5,000000	5,000000
16/07/2010	15:09	4,522602	15,000000	50,779749	65,000000	5,000000	-0,763393	5,000000	5,000000
16/07/2010	15:09	5,109714	15,000000	51,205558	65,000000	5,000000	0,587112	5,000000	5,000000
16/07/2010	15:09	4,432666	15,000000	51,574947	65,000000	5,000000	-0,677048	5,000000	5,000000
16/07/2010	15:09	5,013753	15,000000	51,992760	65,000000	5,000000	0,581087	5,000000	5,000000
16/07/2010	15:09	4,574881	15,000000	52,374000	65,000000	5,000000	-0,438871	5,000000	5,000000
16/07/2010	15:09	6,522054	15,000000	52,917504	65,000000	5,000000	1,947172	5,000000	5,000000
16/07/2010	15:09	4,891333	15,000000	53,325116	65,000000	5,000000	-1,630720	5,000000	5,000000
16/07/2010	15:09	4,864963	15,000000	53,730529	65,000000	5,000000	-0,026371	5,000000	5,000000
16/07/2010	15:09	5,703024	15,000000	54,205781	65,000000	5,000000	0,838061	5,000000	5,000000
16/07/2010	15:10	5,241492	15,000000	54,642572	65,000000	5,000000	-0,461532	5,000000	5,000000
16/07/2010	15:10	5,842610	15,000000	55,129456	65,000000	5,000000	0,601118	5,000000	5,000000
16/07/2010	15:10	5,495294	15,000000	55,587397	65,000000	5,000000	-0,347316	5,000000	5,000000
16/07/2010	15:10	6,601293	15,000000	56,137505	65,000000	5,000000	1,105999	5,000000	5,000000
16/07/2010	15:10	6,630199	15,000000	56,690022	65,000000	5,000000	0,028905	5,000000	5,000000
16/07/2010	15:10	5,562834	15,000000	57,153591	65,000000	5,000000	-1,067364	5,000000	5,000000
16/07/2010	15:10	6,593804	15,000000	57,703075	65,000000	5,000000	1,030970	5,000000	5,000000
16/07/2010	15:10	6,196899	15,000000	58,219483	65,000000	5,000000	-0,396905	5,000000	5,000000
16/07/2010	15:10	6,013779	15,000000	58,720631	65,000000	5,000000	-0,183120	5,000000	5,000000
16/07/2010	15:10	6,253794	15,000000	59,241781	65,000000	5,000000	0,240016	5,000000	5,000000
16/07/2010	15:10	5,777364	15,000000	59,723228	65,000000	5,000000	-0,476430	5,000000	5,000000
16/07/2010	15:10	4,910060	15,000000	60,132400	65,000000	5,000000	-0,867304	5,000000	5,000000
16/07/2010	15:11	6,597044	15,000000	60,682153	65,000000	5,000000	1,686983	5,000000	5,000000
16/07/2010	15:11	6,143191	15,000000	61,194086	65,000000	5,000000	-0,453853	5,000000	5,000000
16/07/2010	15:11	6,816790	15,000000	61,762152	65,000000	5,000000	0,673599	5,000000	5,000000
16/07/2010	15:11	7,018778	15,000000	62,347050	65,000000	5,000000	0,201988	5,000000	5,000000
16/07/2010	15:11	6,522977	15,000000	62,890631	65,000000	5,000000	-0,495802	5,000000	5,000000
16/07/2010	15:11	6,086399	15,000000	63,397831	65,000000	5,000000	-0,436578	5,000000	5,000000
16/07/2010	15:11	5,896968	15,000000	63,889245	65,000000	5,000000	-0,189431	5,000000	5,000000
16/07/2010	15:11	7,136829	15,000000	64,483981	65,000000	5,000000	1,239860	5,000000	5,000000
16/07/2010	15:11	6,510752	15,000000	65,026544	65,000000	0,000000	-0,626077	5,000000	5,000000
16/07/2010	15:11	6,265769	15,000000	65,548691	65,000000	0,000000	-0,244983	5,000000	5,000000
16/07/2010	15:11	7,538539	15,000000	66,176903	65,000000	0,000000	1,272770	5,000000	5,000000
16/07/2010	15:11	6,837222	15,000000	66,746671	65,000000	0,000000	-0,701317	5,000000	5,000000
16/07/2010	15:12	6,295395	15,000000	67,271287	65,000000	0,000000	-0,541827	5,000000	5,000000
16/07/2010	15:12	7,059703	15,000000	67,859596	65,000000	0,000000	0,764308	5,000000	5,000000
16/07/2010	15:12	6,643555	15,000000	68,413226	65,000000	0,000000	-0,416147	5,000000	5,000000
16/07/2010	15:12	5,868447	15,000000	68,902263	65,000000	0,000000	-0,775108	5,000000	5,000000
16/07/2010	15:12	5,273149	15,000000	69,341692	65,000000	0,000000	-0,595298	5,000000	5,000000
16/07/2010	15:12	6,007217	15,000000	69,842293	65,000000	0,000000	0,734068	5,000000	5,000000
16/07/2010	15:12	4,535517	15,000000	70,220253	65,000000	0,000000	-1,471700	5,000000	5,000000
16/07/2010	15:12	4,076723	15,000000	70,559980	65,000000	0,000000	-0,458794	5,000000	5,000000
16/07/2010	15:12	4,700118	15,000000	70,951657	65,000000	0,000000	0,623395	5,000000	5,000000
16/07/2010	15:12	3,307177	15,000000	71,227255	65,000000	0,000000	-1,392942	5,000000	5,000000
16/07/2010	15:12	3,585149	15,000000	71,526017	65,000000	0,000000	0,277973	5,000000	5,000000
16/07/2010	15:12	2,511641	15,000000	71,735320	65,000000	0,000000	-1,073509	5,000000	5,000000
16/07/2010	15:13	2,895300	15,000000	71,976595	65,000000	0,000000	0,383659	5,000000	5,000000
16/07/2010	15:13	3,832832	15,000000	72,295998	65,000000	0,000000	0,937532	5,000000	5,000000
16/07/2010	15:13	2,740056	15,000000	72,524336	65,000000	0,000000	-1,092777	5,000000	5,000000
16/07/2010	15:13	2,836658	15,000000	72,760724	65,000000	0,000000	0,096602	5,000000	5,000000
16/07/2010	15:13	2,014726	15,000000	72,928618	65,000000	0,000000	-0,821932	5,000000	5,000000
16/07/2010	15:13	2,835627	15,000000	73,164920	65,000000	0,000000	0,820902	5,000000	5,000000
16/07/2010	15:13	2,276076	15,000000	73,354593	65,000000	0,000000	-0,559551	5,000000	5,000000
16/07/2010	15:13	1,293249	15,000000	73,462364	65,000000	0,000000	-0,982827	5,000000	5,000000
16/07/2010	15:13	2,430120	15,000000	73,664874	65,000000	0,000000	1,136871	5,000000	5,000000
16/07/2010	15:13	0,425153	15,000000	73,700304	65,000000	0,000000	-2,004966	5,000000	5,000000
16/07/2010	15:13	2,419033	15,000000	73,901890	65,000000	0,000000	1,993879	5,000000	5,000000
16/07/2010	15:13	1,925295	15,000000	74,062331	65,000000	0,000000	-0,493738	5,000000	5,000000
16/07/2010	15:14	0,984107	15,000000	74,144340	65,000000	0,000000	-0,941189	5,000000	5,000000
16/07/2010	15:14	1,441873	15,000000	74,264496	65,000000	0,000000	0,457767	5,000000	5,000000
16/07/2010	15:14	1,722319	15,000000	74,408022	65,000000	0,000000	0,280445	5,000000	5,000000
16/07/2010	15:14	1,032072	15,000000	74,494028	65,000000	0,000000	-0,690247	5,000000	5,000000
16/07/2010	15:14	1,635711	15,000000	74,630338	65,000000	0,000000	0,603640	5,000000	5,000000
16/07/2010	15:14	1,586015	15,000000	74,762506	65,000000	0,000000	-0,049696	5,000000	5,000000
16/07/2010	15:14	0,613550	15,000000	74,813635	65,000000	0,000000	-0,972465	5,000000	5,000000
16/07/2010	15:14	0,165276	15,000000	74,827408	65,000000	0,000000	-0,448274	5,000000	5,000000
16/07/2010	15:14	1,497338	15,000000	74,952186	65,000000	0,000000	1,332062	5,000000	5,000000
16/07/2010	15:14	0,056682	15,000000	74,956909	65,000000	0,000000	-1,440656	5,000000	5,000000
16/07/2010	15:14	0,062468	15,000000	74,962115	65,000000	0,000000	0,005786	5,000000	5,000000
16/07/2010	15:14	1,839294	15,000000	75,115390	65,000000	0,000000	1,776826	5,000000	5,000000
16/07/2010	15:15	-0,533767	15,000000	75,070909	65,000000	0,000000	-2,373061	5,000000	5,000000
16/07/2010	15:15	0,298202	15,000000	75,095759	65,000000	0,000000	0,831969	5,000000	5,000000
16/07/2010	15:15	0,727714	15,000000	75,156402	65,000000	0,000000	0,429512	5,000000	5,000000
16/07/2010	15:15	0,174689	15,000000	75,170960	65,000000	0,000000	-0,553025	5,000000	5,000000
16/07/2010	15:15	0,745593	15,000000	75,233092	65,000000	0,000000	0,570904	5,000000	5,000000
16/07/2010	15:15	-0,567806	15,000000	75,185775	65,000000	0,000000	-1,313400	5,000000	5,000000
16/07/2010	15:15	0,731169	15,000000	75,246706	65,000000	0,000000	1,298975	5,000000	5,000000
16/07/2010	15:15	-0,329723	15,000000	75,219229	65,000000	0,000000	-1,060891	5,000000	5,000000
16/07/2010	15:15	1,235313	15,000000	75,322172	65,000000	0,000000	1,565036	5,000000	5,000000
16/07/2010	15:15	0,895611	15,000000	75,396806	65,000000	0,000000	-0,339703	5,000000	5,000000
16/07/2010	15:15	-0,774623	15,000000	75,332254	65,000000	0,000000	-1,670234	5,000000	5,000000
16/07/2010	15:15	-0,383470	15,000000	75,300298	65,000000	0,000000	0,391153	5,000000	5,000000
16/07/2010	15:16	-0,492822	15,000000	75,259230	65,000000	0,000000	-0,109352	5,000000	5,000000
16/07/2010	15:16	0,365658	15,000000	75,289701	65,000000	0,000000	0,858480	5,000000	5,000000
16/07/2010	15:16	-1,195632	15,000000	75,190065	65,000000	0,000000	-1,561290	5,000000	5,000000
16/07/2010	15:16	-0,731516	15,000000	75,129105	65,000000	0,000000	0,464116	5,000000	5,000000
16/07/2010	15:16	-0,472427	15,000000	75,089736	65,000000	0,000000	0,259089	5,000000	5,000000
16/07/2010	15:16	0,122421	15,000000	75,099938	65,000000	0,000000	0,594848	5,000000	5,000000
16/07/2010	15:16	-0,246186	15,000000	75,079423	65,000000	0,000000	-0,368607	5,000000	5,000000
16/07/2010	15:16	0,313004	15,000000	75,105506	65,000000	0,000000	0,559191	5,000000	5,000000
16/07/2010	15:16	-0,366152	15,000000	75,074994	65,000000	0,000000	-0,679156	5,000000	5,000000
16/07/2010	15:16	0,336144	15,000000	75,103006	65,000000	0,000000	0,702296	5,000000	5,000000
16/07/2010	15:16	-0,426310	15,000000	75,067480	65,000000	0,000000	-0,762453	5,000000	5,000000
16/07/2010	15:16	0,782189	15,000000	75,132662	65,000000	0,000000	1,208498	5,000000	5,000000
16/07/2010	15:17	-0,928782	15,000000	75,055264	65,000000	0,000000	-1,710970	5,000000	5,000000
16/07/2010	15:17	0,689255	15,000000	75,112702	65,000000	0,000000	1,618037	5,000000	5,000000
16/07/2010	15:17	-0,102316	15,000000	75,104175	65,000000	0,000000	-0,791571	5,000000	5,000000
16/07/2010	15:17	-0,687232	15,000000	75,046906	65,000000	0,000000	-0,584917	5,000000	5,000000
16/07/2010	15:17	-1,382666	15,000000	74,931684	65,000000	0,000000	-0,695434	5,000000	5,000000
16/07/2010	15:17	0,073574	15,000000	74,937815	65,000000	0,000000	1,456240	5,000000	5,000000
16/07/2010	15:17	0,354931	15,000000	74,967393	65,000000	0,000000	0,281356	5,000000	5,000000
16/07/2010	15:17	-0,744127	15,000000	74,905382	65,000000	0,000000	-1,099058	5,000000	5,000000
16/07/2010	15:17	-0,016714	15,000000	74,903989	65,000000	0,000000	0,727414	5,000000	5,000000
16/07/2010	15:17	-0,616770	15,000000	74,852592	65,000000	0,000000	-0,600057	5,000000	5,000000
16/07/2010	15:17	-0,685162	15,000000	74,795495	65,000000	0,000000	-0,068391	5,000000	5,000000
16/07/2010	15:17	0,438121	15,000000	74,832005	65,000000	0,000000	1,123282	5,000000	5,000000
16/07/2010	15:18	-0,903184	15,000000	74,756740	65,000000	0,000000	-1,341305	5,000000	5,000000
16/07/2010	15:18	-0,445814	15,000000	74,719588	65,000000	0,000000	0,457370	5,000000	5,000000
16/07/2010	15:18	-0,961548	15,000000	74,639459	65,000000	0,000000	-0,515734	5,000000	5,000000
16/07/2010	15:18	-0,679642	15,000000	74,582823	65,000000	0,000000	0,281906	5,000000	5,000000
16/07/2010	15:18	-0,477795	15,000000	74,543006	65,000000	0,000000	0,201847	5,000000	5,000000
16/07/2010	15:18	-1,504784	15,000000	74,417608	65,000000	0,000000	-1,026989	5,000000	5,000000
16/07/2010	15:18	-0,223743	15,000000	74,398962	65,000000	0,000000	1,281041	5,000000	5,000000
16/07/2010	15:18	0,649259	15,000000	74,453067	65,000000	0,000000	0,873002	5,000000	5,000000
16/07/2010	15:18	-0,672835	15,000000	74,396998	65,000000	0,000000	-1,322095	5,000000	5,000000
16/07/2010	15:18	-0,633890	15,000000	74,344174	65,000000	0,000000	0,038945	5,000000	5,000000
16/07/2010	15:18	-0,387474	15,000000	74,311884	65,000000	0,000000	0,246417	5,000000	5,000000
16/07/2010	15:18	-0,149698	15,000000	74,299409	65,000000	0,000000	0,237775	5,000000	5,000000
16/07/2010	15:19	0,201666	15,000000	74,316215	65,000000	0,000000	0,351364	5,000000	5,000000
16/07/2010	15:19	-0,213827	15,000000	74,298396	65,000000	0,000000	-0,415493	5,000000	5,000000
16/07/2010	15:19	-0,334022	15,000000	74,270561	65,000000	0,000000	-0,120195	5,000000	5,000000
16/07/2010	15:19	-0,924501	15,000000	74,193519	65,000000	0,000000	-0,590479	5,000000	5,000000
16/07/2010	15:19	-0,568939	15,000000	74,146107	65,000000	0,000000	0,355561	5,000000	5,000000
16/07/2010	15:19	-1,205476	15,000000	74,045651	65,000000	0,000000	-0,636537	5,000000	5,000000
16/07/2010	15:19	-1,045047	15,000000	73,958564	65,000000	0,000000	0,160430	5,000000	5,000000
16/07/2010	15:19	-1,579797	15,000000	73,826914	65,000000	0,000000	-0,534750	5,000000	5,000000
16/07/2010	15:19	-1,798934	15,000000	73,677003	65,000000	0,000000	-0,219138	5,000000	5,000000
16/07/2010	15:19	0,169970	15,000000	73,691167	65,000000	0,000000	1,968904	5,000000	5,000000
16/07/2010	15:19	-0,992078	15,000000	73,608494	65,000000	0,000000	-1,162048	5,000000	5,000000
16/07/2010	15:19	0,527617	15,000000	73,652462	65,000000	0,000000	1,519695	5,000000	5,000000
16/07/2010	15:20	-0,721815	15,000000	73,592311	65,000000	0,000000	-1,249432	5,000000	5,000000
16/07/2010	15:20	0,293428	15,000000	73,616763	65,000000	0,000000	1,015243	5,000000	5,000000
16/07/2010	15:20	0,314426	15,000000	73,642965	65,000000	0,000000	0,020999	5,000000	5,000000
16/07/2010	15:20	-1,943078	15,000000	73,481042	65,000000	0,000000	-2,257505	5,000000	5,000000
16/07/2010	15:20	0,089051	15,000000	73,488463	65,000000	0,000000	2,032129	5,000000	5,000000
16/07/2010	15:20	-0,430340	15,000000	73,452601	65,000000	0,000000	-0,519391	5,000000	5,000000
16/07/2010	15:20	-0,903052	15,000000	73,377347	65,000000	0,000000	-0,472711	5,000000	5,000000
16/07/2010	15:20	-1,165532	15,000000	73,280219	65,000000	0,000000	-0,262480	5,000000	5,000000
16/07/2010	15:20	-0,719018	15,000000	73,220301	65,000000	0,000000	0,446514	5,000000	5,000000
16/07/2010	15:20	-0,633690	15,000000	73,167494	65,000000	0,000000	0,085327	5,000000	5,000000
16/07/2010	15:20	-1,256706	15,000000	73,062768	65,000000	0,000000	-0,623016	5,000000	5,000000
16/07/2010	15:20	-0,795693	15,000000	72,996460	65,000000	0,000000	0,461013	5,000000	5,000000
16/07/2010	15:21	-0,245410	15,000000	72,976010	65,000000	0,000000	0,550282	5,000000	5,000000
16/07/2010	15:21	-0,748513	15,000000	72,913633	65,000000	0,000000	-0,503103	5,000000	5,000000
16/07/2010	15:21	-0,680355	15,000000	72,856937	65,000000	0,000000	0,068158	5,000000	5,000000
16/07/2010	15:21	-0,506938	15,000000	72,814692	65,000000	0,000000	0,173417	5,000000	5,000000
16/07/2010	15:21	-0,439989	15,000000	72,778027	65,000000	0,000000	0,066949	5,000000	5,000000
16/07/2010	15:21	-0,213944	15,000000	72,760198	65,000000	0,000000	0,226045	5,000000	5,000000
16/07/2010	15:21	0,252975	15,000000	72,781279	65,000000	0,000000	0,466919	5,000000	5,000000
16/07/2010	15:21	-0,783432	15,000000	72,715993	65,000000	0,000000	-1,036407	5,000000	5,000000
16/07/2010	15:21	-1,515714	15,000000	72,589684	65,000000	0,000000	-0,732282	5,000000	5,000000
16/07/2010	15:21	-0,624539	15,000000	72,537639	65,000000	0,000000	0,891175	5,000000	5,000000
16/07/2010	15:21	-0,270617	15,000000	72,515087	65,000000	0,000000	0,353923	5,000000	5,000000
16/07/2010	15:21	-0,207417	15,000000	72,497803	65,000000	0,000000	0,063199	5,000000	5,000000
16/07/2010	15:22	-0,826798	15,000000	72,428903	65,000000	0,000000	-0,619381	5,000000	5,000000
16/07/2010	15:22	-0,046244	15,000000	72,425049	65,000000	0,000000	0,780554	5,000000	5,000000
16/07/2010	15:22	-1,358566	15,000000	72,311835	65,000000	0,000000	-1,312322	5,000000	5,000000
16/07/2010	15:22	-1,004599	15,000000	72,228119	65,000000	0,000000	0,353967	5,000000	5,000000
16/07/2010	15:22	-0,578469	15,000000	72,179913	65,000000	0,000000	0,426130	5,000000	5,000000
16/07/2010	15:22	-1,610209	15,000000	72,045729	65,000000	0,000000	-1,031740	5,000000	5,000000
16/07/2010	15:22	-0,593634	15,000000	71,996259	65,000000	0,000000	1,016575	5,000000	5,000000
16/07/2010	15:22	-1,032042	15,000000	71,910256	65,000000	0,000000	-0,438408	5,000000	5,000000
16/07/2010	15:22	-1,209959	15,000000	71,809426	65,000000	0,000000	-0,177917	5,000000	5,000000
16/07/2010	15:22	-1,854466	15,000000	71,654887	65,000000	0,000000	-0,644507	5,000000	5,000000
16/07/2010	15:22	-0,734514	15,000000	71,593678	65,000000	0,000000	1,119952	5,000000	5,000000
16/07/2010	15:22	-0,690663	15,000000	71,536122	65,000000	0,000000	0,043851	5,000000	5,000000
16/07/2010	15:23	-0,810758	15,000000	71,468559	65,000000	0,000000	-0,120096	5,000000	5,000000
16/07/2010	15:23	-0,749351	15,000000	71,406113	65,000000	0,000000	0,061408	5,000000	5,000000
16/07/2010	15:23	-0,721160	15,000000	71,346017	65,000000	0,000000	0,028190	5,000000	5,000000
16/07/2010	15:23	-0,837538	15,000000	71,276222	65,000000	0,000000	-0,116378	5,000000	5,000000
16/07/2010	15:23	-1,961890	15,000000	71,112731	65,000000	0,000000	-1,124351	5,000000	5,000000
16/07/2010	15:23	-0,839480	15,000000	71,042774	65,000000	0,000000	1,122409	5,000000	5,000000
16/07/2010	15:23	-0,933199	15,000000	70,965008	65,000000	0,000000	-0,093719	5,000000	5,000000
16/07/2010	15:23	0,055151	15,000000	70,969604	65,000000	0,000000	0,988351	5,000000	5,000000
16/07/2010	15:23	-1,608083	15,000000	70,835597	65,000000	0,000000	-1,663235	5,000000	5,000000
16/07/2010	15:23	-1,062288	15,000000	70,747073	65,000000	0,000000	0,545795	5,000000	5,000000
16/07/2010	15:23	-0,356898	15,000000	70,717331	65,000000	0,000000	0,705390	5,000000	5,000000
16/07/2010	15:23	-0,995428	15,000000	70,634379	65,000000	0,000000	-0,638529	5,000000	5,000000
16/07/2010	15:24	0,981038	15,000000	70,716132	65,000000	0,000000	1,976466	5,000000	5,000000
16/07/2010	15:24	-0,796167	15,000000	70,649785	65,000000	0,000000	-1,777206	5,000000	5,000000
16/07/2010	15:24	-1,488286	15,000000	70,525761	65,000000	0,000000	-0,692119	5,000000	5,000000
16/07/2010	15:24	-0,805323	15,000000	70,458651	65,000000	0,000000	0,682964	5,000000	5,000000
16/07/2010	15:24	-0,291014	15,000000	70,434399	65,000000	0,000000	0,514308	5,000000	5,000000
16/07/2010	15:24	-1,522993	15,000000	70,307483	65,000000	0,000000	-1,231979	5,000000	5,000000
16/07/2010	15:24	-0,707938	15,000000	70,248488	65,000000	0,000000	0,815055	5,000000	5,000000
16/07/2010	15:24	-1,136357	15,000000	70,153792	65,000000	0,000000	-0,428419	5,000000	5,000000
16/07/2010	15:24	-0,137917	15,000000	70,142299	65,000000	0,000000	0,998439	5,000000	5,000000
16/07/2010	15:24	-1,420787	15,000000	70,023900	65,000000	0,000000	-1,282870	5,000000	5,000000
16/07/2010	15:24	-0,745815	15,000000	69,961749	65,000000	0,000000	0,674972	5,000000	5,000000
16/07/2010	15:24	-1,046662	15,000000	69,874527	65,000000	0,000000	-0,300846	5,000000	5,000000
16/07/2010	15:25	-0,395137	15,000000	69,841599	65,000000	0,000000	0,651525	5,000000	5,000000
16/07/2010	15:25	-0,811522	15,000000	69,773972	65,000000	0,000000	-0,416385	5,000000	5,000000
16/07/2010	15:25	-0,579086	15,000000	69,725715	65,000000	0,000000	0,232436	5,000000	5,000000
16/07/2010	15:25	-0,693906	15,000000	69,667889	65,000000	0,000000	-0,114820	5,000000	5,000000
16/07/2010	15:25	-0,763825	15,000000	69,604237	65,000000	0,000000	-0,069919	5,000000	5,000000
16/07/2010	15:25	0,160345	15,000000	69,617600	65,000000	0,000000	0,924170	5,000000	5,000000
16/07/2010	15:25	-0,732961	15,000000	69,556519	65,000000	0,000000	-0,893307	5,000000	5,000000
16/07/2010	15:25	-0,754571	15,000000	69,493638	65,000000	0,000000	-0,021609	5,000000	5,000000
16/07/2010	15:25	-0,044158	15,000000	69,489959	65,000000	0,000000	0,710413	5,000000	5,000000
16/07/2010	15:25	-0,563862	15,000000	69,442970	65,000000	0,000000	-0,519703	5,000000	5,000000
16/07/2010	15:25	-0,356173	15,000000	69,413289	65,000000	0,000000	0,207689	5,000000	5,000000
16/07/2010	15:25	-0,097401	15,000000	69,405172	65,000000	0,000000	0,258772	5,000000	5,000000
16/07/2010	15:26	0,645501	15,000000	69,458964	65,000000	0,000000	0,742902	5,000000	5,000000
16/07/2010	15:26	-2,254347	15,000000	69,271102	65,000000	0,000000	-2,899848	5,000000	5,000000
16/07/2010	15:26	-1,267084	15,000000	69,165512	65,000000	0,000000	0,987263	5,000000	5,000000
16/07/2010	15:26	0,006007	15,000000	69,166012	65,000000	0,000000	1,273091	5,000000	5,000000
16/07/2010	15:26	-0,231152	15,000000	69,146749	65,000000	0,000000	-0,237159	5,000000	5,000000
16/07/2010	15:26	-0,617923	15,000000	69,095256	65,000000	0,000000	-0,386771	5,000000	5,000000
16/07/2010	15:26	-0,826951	15,000000	69,026343	65,000000	0,000000	-0,209028	5,000000	5,000000
16/07/2010	15:26	0,201126	15,000000	69,043104	65,000000	0,000000	1,028078	5,000000	5,000000
16/07/2010	15:26	-0,814587	15,000000	68,975222	65,000000	0,000000	-1,015713	5,000000	5,000000
16/07/2010	15:26	-1,522772	15,000000	68,848324	65,000000	0,000000	-0,708186	5,000000	5,000000
16/07/2010	15:26	0,135493	15,000000	68,859615	65,000000	0,000000	1,658265	5,000000	5,000000
16/07/2010	15:26	-0,167623	15,000000	68,845646	65,000000	0,000000	-0,303116	5,000000	5,000000
16/07/2010	15:27	-0,094589	15,000000	68,837764	65,000000	0,000000	0,073034	5,000000	5,000000
16/07/2010	15:27	0,183180	15,000000	68,853029	65,000000	0,000000	0,277769	5,000000	5,000000
16/07/2010	15:27	-1,506905	15,000000	68,727453	65,000000	0,000000	-1,690085	5,000000	5,000000
16/07/2010	15:27	-0,496307	15,000000	68,686094	65,000000	0,000000	1,010599	5,000000	5,000000
16/07/2010	15:27	-0,752621	15,000000	68,623376	65,000000	0,000000	-0,256314	5,000000	5,000000
16/07/2010	15:27	0,176932	15,000000	68,638120	65,000000	0,000000	0,929553	5,000000	5,000000
16/07/2010	15:27	-1,705118	15,000000	68,496027	65,000000	0,000000	-1,882050	5,000000	5,000000
16/07/2010	15:27	-0,193097	15,000000	68,479936	65,000000	0,000000	1,512021	5,000000	5,000000
16/07/2010	15:27	-0,068620	15,000000	68,474218	65,000000	0,000000	0,124478	5,000000	5,000000
16/07/2010	15:27	-0,621663	15,000000	68,422412	65,000000	0,000000	-0,553044	5,000000	5,000000
16/07/2010	15:27	-0,910889	15,000000	68,346505	65,000000	0,000000	-0,289226	5,000000	5,000000
16/07/2010	15:27	-0,864671	15,000000	68,274449	65,000000	0,000000	0,046219	5,000000	5,000000
16/07/2010	15:28	0,128074	15,000000	68,285122	65,000000	0,000000	0,992745	5,000000	5,000000
16/07/2010	15:28	-0,853248	15,000000	68,214018	65,000000	0,000000	-0,981322	5,000000	5,000000
16/07/2010	15:28	0,753796	15,000000	68,276834	65,000000	0,000000	1,607045	5,000000	5,000000
16/07/2010	15:28	-0,318810	15,000000	68,250267	65,000000	0,000000	-1,072607	5,000000	5,000000
16/07/2010	15:28	-1,031651	15,000000	68,164296	65,000000	0,000000	-0,712840	5,000000	5,000000
16/07/2010	15:28	0,090536	15,000000	68,171840	65,000000	0,000000	1,122186	5,000000	5,000000
16/07/2010	15:28	0,034858	15,000000	68,174745	65,000000	0,000000	-0,055678	5,000000	5,000000
16/07/2010	15:28	-0,010708	15,000000	68,173853	65,000000	0,000000	-0,045566	5,000000	5,000000
16/07/2010	15:28	-0,282522	15,000000	68,150309	65,000000	0,000000	-0,271814	5,000000	5,000000
16/07/2010	15:28	-0,864172	15,000000	68,078295	65,000000	0,000000	-0,581650	5,000000	5,000000
16/07/2010	15:28	-0,314163	15,000000	68,052115	65,000000	0,000000	0,550009	5,000000	5,000000
16/07/2010	15:28	-0,759182	15,000000	67,988850	65,000000	0,000000	-0,445019	5,000000	5,000000
16/07/2010	15:29	-0,357611	15,000000	67,959049	65,000000	0,000000	0,401571	5,000000	5,000000
16/07/2010	15:29	-0,169243	15,000000	67,944945	65,000000	0,000000	0,188368	5,000000	5,000000
16/07/2010	15:29	-1,881323	15,000000	67,788168	65,000000	0,000000	-1,712080	5,000000	5,000000
16/07/2010	15:29	-0,452599	15,000000	67,750452	65,000000	0,000000	1,428724	5,000000	5,000000
16/07/2010	15:29	-0,663626	15,000000	67,695149	65,000000	0,000000	-0,211028	5,000000	5,000000
16/07/2010	15:29	-0,377749	15,000000	67,663670	65,000000	0,000000	0,285877	5,000000	5,000000
16/07/2010	15:29	-0,787109	15,000000	67,598078	65,000000	0,000000	-0,409360	5,000000	5,000000
16/07/2010	15:29	-1,207129	15,000000	67,497484	65,000000	0,000000	-0,420020	5,000000	5,000000
16/07/2010	15:29	-0,372314	15,000000	67,466458	65,000000	0,000000	0,834815	5,000000	5,000000
16/07/2010	15:29	-0,294496	15,000000	67,441916	65,000000	0,000000	0,077818	5,000000	5,000000
16/07/2010	15:29	-0,487817	15,000000	67,401265	65,000000	0,000000	-0,193321	5,000000	5,000000
16/07/2010	15:29	-0,767403	15,000000	67,337315	65,000000	0,000000	-0,279585	5,000000	5,000000
16/07/2010	15:30	-0,273789	15,000000	67,314499	65,000000	0,000000	0,493614	5,000000	5,000000
16/07/2010	15:30	-0,342807	15,000000	67,285932	65,000000	0,000000	-0,069018	5,000000	5,000000
16/07/2010	15:30	-1,082335	15,000000	67,195737	65,000000	0,000000	-0,739529	5,000000	5,000000
16/07/2010	15:30	0,157872	15,000000	67,208893	65,000000	0,000000	1,240207	5,000000	5,000000
16/07/2010	15:30	-1,310020	15,000000	67,099725	65,000000	0,000000	-1,467892	5,000000	5,000000
16/07/2010	15:30	0,458871	15,000000	67,137964	65,000000	0,000000	1,768891	5,000000	5,000000
16/07/2010	15:30	-0,261811	15,000000	67,116146	65,000000	0,000000	-0,720681	5,000000	5,000000
16/07/2010	15:30	-1,293698	15,000000	67,008338	65,000000	0,000000	-1,031887	5,000000	5,000000
16/07/2010	15:30	0,011318	15,000000	67,009281	65,000000	0,000000	1,305016	5,000000	5,000000
16/07/2010	15:30	0,036044	15,000000	67,012285	65,000000	0,000000	0,024726	5,000000	5,000000
16/07/2010	15:30	-0,500600	15,000000	66,970568	65,000000	0,000000	-0,536644	5,000000	5,000000
16/07/2010	15:30	0,302376	15,000000	66,995766	65,000000	0,000000	0,802977	5,000000	5,000000
16/07/2010	15:31	-0,246931	15,000000	66,975189	65,000000	0,000000	-0,549307	5,000000	5,000000
16/07/2010	15:31	-0,510877	15,000000	66,932616	65,000000	0,000000	-0,263946	5,000000	5,000000
16/07/2010	15:31	-0,387535	15,000000	66,900321	65,000000	0,000000	0,123342	5,000000	5,000000
16/07/2010	15:31	-0,345529	15,000000	66,871527	65,000000	0,000000	0,042006	5,000000	5,000000
16/07/2010	15:31	-1,022597	15,000000	66,786310	65,000000	0,000000	-0,677068	5,000000	5,000000
16/07/2010	15:31	-1,640300	15,000000	66,649619	65,000000	0,000000	-0,617703	5,000000	5,000000
16/07/2010	15:31	-0,324794	15,000000	66,622553	65,000000	0,000000	1,315507	5,000000	5,000000
16/07/2010	15:31	-0,664375	15,000000	66,567188	65,000000	0,000000	-0,339582	5,000000	5,000000
16/07/2010	15:31	-0,881001	15,000000	66,493771	65,000000	0,000000	-0,216625	5,000000	5,000000
16/07/2010	15:31	-0,663884	15,000000	66,438448	65,000000	0,000000	0,217117	5,000000	5,000000
16/07/2010	15:31	-0,036823	15,000000	66,435379	65,000000	0,000000	0,627060	5,000000	5,000000
16/07/2010	15:31	-1,886467	15,000000	66,278174	65,000000	0,000000	-1,849643	5,000000	5,000000
16/07/2010	15:32	-0,338975	15,000000	66,249926	65,000000	0,000000	1,547491	5,000000	5,000000
16/07/2010	15:32	0,982430	15,000000	66,331795	65,000000	0,000000	1,321405	5,000000	5,000000
16/07/2010	15:32	-0,160420	15,000000	66,318426	65,000000	0,000000	-1,142850	5,000000	5,000000
16/07/2010	15:32	0,378582	15,000000	66,349975	65,000000	0,000000	0,539002	5,000000	5,000000
16/07/2010	15:32	-0,487636	15,000000	66,309339	65,000000	0,000000	-0,866218	5,000000	5,000000
16/07/2010	15:32	-0,334182	15,000000	66,281490	65,000000	0,000000	0,153454	5,000000	5,000000
16/07/2010	15:32	-0,791206	15,000000	66,215556	65,000000	0,000000	-0,457024	5,000000	5,000000
16/07/2010	15:32	-1,185216	15,000000	66,116788	65,000000	0,000000	-0,394010	5,000000	5,000000
16/07/2010	15:32	-0,911421	15,000000	66,040837	65,000000	0,000000	0,273795	5,000000	5,000000
16/07/2010	15:32	-0,128581	15,000000	66,030121	65,000000	0,000000	0,782839	5,000000	5,000000
16/07/2010	15:32	0,024561	15,000000	66,032168	65,000000	0,000000	0,153143	5,000000	5,000000
16/07/2010	15:32	-0,480350	15,000000	65,992139	65,000000	0,000000	-0,504911	5,000000	5,000000
16/07/2010	15:33	0,473207	15,000000	66,031573	65,000000	0,000000	0,953558	5,000000	5,000000
16/07/2010	15:33	-0,484948	15,000000	65,991161	65,000000	0,000000	-0,958155	5,000000	5,000000
16/07/2010	15:33	-0,853121	15,000000	65,920067	65,000000	0,000000	-0,368173	5,000000	5,000000
16/07/2010	15:33	0,483998	15,000000	65,960400	65,000000	0,000000	1,337119	5,000000	5,000000
16/07/2010	15:33	-0,927521	15,000000	65,883107	65,000000	0,000000	-1,411519	5,000000	5,000000
16/07/2010	15:33	0,502927	15,000000	65,925018	65,000000	0,000000	1,430448	5,000000	5,000000
16/07/2010	15:33	-0,045450	15,000000	65,921230	65,000000	0,000000	-0,548377	5,000000	5,000000
16/07/2010	15:33	-0,525033	15,000000	65,877477	65,000000	0,000000	-0,479584	5,000000	5,000000
16/07/2010	15:33	-0,601376	15,000000	65,827363	65,000000	0,000000	-0,076342	5,000000	5,000000
16/07/2010	15:33	-0,277917	15,000000	65,804203	65,000000	0,000000	0,323459	5,000000	5,000000
16/07/2010	15:33	0,524435	15,000000	65,847906	65,000000	0,000000	0,802352	5,000000	5,000000
16/07/2010	15:33	-1,327422	15,000000	65,737287	65,000000	0,000000	-1,851857	5,000000	5,000000
16/07/2010	15:34	-0,190748	15,000000	65,721392	65,000000	0,000000	1,136674	5,000000	5,000000
16/07/2010	15:34	-0,808345	15,000000	65,654029	65,000000	0,000000	-0,617596	5,000000	5,000000
16/07/2010	15:34	0,209508	15,000000	65,671489	65,000000	0,000000	1,017853	5,000000	5,000000
16/07/2010	15:34	0,275947	15,000000	65,694484	65,000000	0,000000	0,066439	5,000000	5,000000
16/07/2010	15:34	-1,050711	15,000000	65,606925	65,000000	0,000000	-1,326658	5,000000	5,000000
16/07/2010	15:34	-0,476722	15,000000	65,567198	65,000000	0,000000	0,573989	5,000000	5,000000
16/07/2010	15:34	-0,444182	15,000000	65,530183	65,000000	0,000000	0,032541	5,000000	5,000000
16/07/2010	15:34	-0,146144	15,000000	65,518004	65,000000	0,000000	0,298038	5,000000	5,000000
16/07/2010	15:34	-0,151008	15,000000	65,505420	65,000000	0,000000	-0,004864	5,000000	5,000000
16/07/2010	15:34	-0,360574	15,000000	65,475372	65,000000	0,000000	-0,209566	5,000000	5,000000
16/07/2010	15:34	-1,472369	15,000000	65,352675	65,000000	0,000000	-1,111795	5,000000	5,000000
16/07/2010	15:34	-0,355986	15,000000	65,323009	65,000000	0,000000	1,116383	5,000000	5,000000
16/07/2010	15:35	-0,789973	15,000000	65,257178	65,000000	0,000000	-0,433987	5,000000	5,000000
16/07/2010	15:35	-0,289442	15,000000	65,233058	65,000000	0,000000	0,500531	5,000000	5,000000
16/07/2010	15:35	-0,274142	15,000000	65,210213	65,000000	0,000000	0,015299	5,000000	5,000000
16/07/2010	15:35	-0,545896	15,000000	65,164722	65,000000	0,000000	-0,271754	5,000000	5,000000
16/07/2010	15:35	-1,131147	15,000000	65,070459	65,000000	0,000000	-0,585251	5,000000	5,000000
16/07/2010	15:35	-0,454371	15,000000	65,032595	65,000000	0,000000	0,676776	5,000000	5,000000
16/07/2010	15:35	-0,371481	15,000000	65,001638	65,000000	0,000000	0,082890	5,000000	5,000000
16/07/2010	15:35	0,358593	15,000000	65,031521	65,000000	0,000000	0,730074	5,000000	5,000000
16/07/2010	15:35	-1,679376	15,000000	64,891573	65,000000	5,000000	-2,037968	5,000000	5,000000
16/07/2010	15:35	-0,613937	15,000000	64,840412	65,000000	5,000000	1,065439	5,000000	5,000000
16/07/2010	15:35	-0,201533	15,000000	64,823617	65,000000	5,000000	0,412404	5,000000	5,000000
16/07/2010	15:35	-0,168506	15,000000	64,809575	65,000000	5,000000	0,033027	5,000000	5,000000
16/07/2010	15:36	-1,143346	15,000000	64,714296	65,000000	5,000000	-0,974840	5,000000	5,000000
16/07/2010	15:36	0,040012	15,000000	64,717631	65,000000	5,000000	1,183357	5,000000	5,000000
16/07/2010	15:36	0,444498	15,000000	64,754672	65,000000	5,000000	0,404487	5,000000	5,000000
16/07/2010	15:36	-1,038915	15,000000	64,668096	65,000000	5,000000	-1,483413	5,000000	5,000000
16/07/2010	15:36	-0,828386	15,000000	64,599064	65,000000	5,000000	0,210529	5,000000	5,000000
16/07/2010	15:36	0,471576	15,000000	64,638362	65,000000	5,000000	1,299962	5,000000	5,000000
16/07/2010	15:36	-0,360224	15,000000	64,608343	65,000000	5,000000	-0,831801	5,000000	5,000000
16/07/2010	15:36	0,420022	15,000000	64,643345	65,000000	5,000000	0,780246	5,000000	5,000000
16/07/2010	15:36	-0,642171	15,000000	64,589831	65,000000	5,000000	-1,062192	5,000000	5,000000
16/07/2010	15:36	-1,183834	15,000000	64,491178	65,000000	5,000000	-0,541663	5,000000	5,000000
16/07/2010	15:36	0,616718	15,000000	64,542571	65,000000	5,000000	1,800552	5,000000	5,000000
16/07/2010	15:36	-0,875927	15,000000	64,469577	65,000000	5,000000	-1,492645	5,000000	5,000000
16/07/2010	15:37	-0,156175	15,000000	64,456563	65,000000	5,000000	0,719752	5,000000	5,000000
16/07/2010	15:37	0,049402	15,000000	64,460680	65,000000	5,000000	0,205577	5,000000	5,000000
16/07/2010	15:37	-0,600021	15,000000	64,410678	65,000000	5,000000	-0,649423	5,000000	5,000000
16/07/2010	15:37	-0,665098	15,000000	64,355253	65,000000	5,000000	-0,065078	5,000000	5,000000
16/07/2010	15:37	0,037278	15,000000	64,358359	65,000000	5,000000	0,702376	5,000000	5,000000
16/07/2010	15:37	1,009721	15,000000	64,442503	65,000000	5,000000	0,972443	5,000000	5,000000
16/07/2010	15:37	-0,874435	15,000000	64,369633	65,000000	5,000000	-1,884156	5,000000	5,000000
16/07/2010	15:37	0,931091	15,000000	64,447224	65,000000	5,000000	1,805527	5,000000	5,000000
16/07/2010	15:37	0,187675	15,000000	64,462864	65,000000	5,000000	-0,743416	5,000000	5,000000
16/07/2010	15:37	2,272464	15,000000	64,652236	65,000000	5,000000	2,084789	5,000000	5,000000
16/07/2010	15:37	1,750216	15,000000	64,798087	65,000000	5,000000	-0,522248	5,000000	5,000000
16/07/2010	15:37	2,711516	15,000000	65,024047	65,000000	0,000000	0,961300	5,000000	5,000000
16/07/2010	15:38	1,823225	15,000000	65,175982	65,000000	0,000000	-0,888291	5,000000	5,000000
16/07/2010	15:38	2,515643	15,000000	65,385619	65,000000	0,000000	0,692419	5,000000	5,000000
16/07/2010	15:38	2,376108	15,000000	65,583628	65,000000	0,000000	-0,139535	5,000000	5,000000
16/07/2010	15:38	2,801384	15,000000	65,817077	65,000000	0,000000	0,425276	5,000000	5,000000
16/07/2010	15:38	1,716661	15,000000	65,960132	65,000000	0,000000	-1,084723	5,000000	5,000000
16/07/2010	15:38	2,859663	15,000000	66,198437	65,000000	0,000000	1,143002	5,000000	5,000000
16/07/2010	15:38	1,827883	15,000000	66,350761	65,000000	0,000000	-1,031781	5,000000	5,000000
16/07/2010	15:38	2,502881	15,000000	66,559334	65,000000	0,000000	0,674998	5,000000	5,000000
16/07/2010	15:38	2,671638	15,000000	66,781971	65,000000	0,000000	0,168757	5,000000	5,000000
16/07/2010	15:38	2,001493	15,000000	66,948762	65,000000	0,000000	-0,670145	5,000000	5,000000
16/07/2010	15:38	1,797417	15,000000	67,098547	65,000000	0,000000	-0,204076	5,000000	5,000000
16/07/2010	15:38	1,444846	15,000000	67,218950	65,000000	0,000000	-0,352571	5,000000	5,000000
16/07/2010	15:39	1,144953	15,000000	67,314363	65,000000	0,000000	-0,299893	5,000000	5,000000
16/07/2010	15:39	2,149725	15,000000	67,493507	65,000000	0,000000	1,004773	5,000000	5,000000
16/07/2010	15:39	2,238621	15,000000	67,680059	65,000000	0,000000	0,088895	5,000000	5,000000
16/07/2010	15:39	0,380729	15,000000	67,711786	65,000000	0,000000	-1,857892	5,000000	5,000000
16/07/2010	15:39	1,807537	15,000000	67,862414	65,000000	0,000000	1,426808	5,000000	5,000000
16/07/2010	15:39	1,258631	15,000000	67,967300	65,000000	0,000000	-0,548906	5,000000	5,000000
16/07/2010	15:39	1,813335	15,000000	68,118411	65,000000	0,000000	0,554704	5,000000	5,000000
16/07/2010	15:39	1,338028	15,000000	68,229914	65,000000	0,000000	-0,475307	5,000000	5,000000
16/07/2010	15:39	1,463347	15,000000	68,351859	65,000000	0,000000	0,125319	5,000000	5,000000
16/07/2010	15:39	0,818883	15,000000	68,420099	65,000000	0,000000	-0,644465	5,000000	5,000000
16/07/2010	15:39	1,046159	15,000000	68,507279	65,000000	0,000000	0,227277	5,000000	5,000000
16/07/2010	15:39	0,609917	15,000000	68,558106	65,000000	0,000000	-0,436242	5,000000	5,000000
16/07/2010	15:40	0,920578	15,000000	68,634821	65,000000	0,000000	0,310660	5,000000	5,000000
16/07/2010	15:40	0,705947	15,000000	68,693650	65,000000	0,000000	-0,214631	5,000000	5,000000
16/07/2010	15:40	0,500974	15,000000	68,735397	65,000000	0,000000	-0,204973	5,000000	5,000000
16/07/2010	15:40	0,519520	15,000000	68,778691	65,000000	0,000000	0,018546	5,000000	5,000000
16/07/2010	15:40	0,742360	15,000000	68,840554	65,000000	0,000000	0,222840	5,000000	5,000000
16/07/2010	15:40	0,238054	15,000000	68,860392	65,000000	0,000000	-0,504306	5,000000	5,000000
16/07/2010	15:40	0,317934	15,000000	68,886886	65,000000	0,000000	0,079880	5,000000	5,000000
16/07/2010	15:40	0,229654	15,000000	68,906024	65,000000	0,000000	-0,088279	5,000000	5,000000
16/07/2010	15:40	0,259642	15,000000	68,927661	65,000000	0,000000	0,029987	5,000000	5,000000
16/07/2010	15:40	0,603642	15,000000	68,977964	65,000000	0,000000	0,344001	5,000000	5,000000
16/07/2010	15:40	0,127613	15,000000	68,988599	65,000000	0,000000	-0,476030	5,000000	5,000000
16/07/2010	15:40	-0,502002	15,000000	68,946765	65,000000	0,000000	-0,629614	5,000000	5,000000
16/07/2010	15:41	1,159945	15,000000	69,043427	65,000000	0,000000	1,661947	5,000000	5,000000
16/07/2010	15:41	-0,501918	15,000000	69,001601	65,000000	0,000000	-1,661864	5,000000	5,000000
16/07/2010	15:41	0,138613	15,000000	69,013152	65,000000	0,000000	0,640531	5,000000	5,000000
16/07/2010	15:41	0,510490	15,000000	69,055693	65,000000	0,000000	0,371877	5,000000	5,000000
16/07/2010	15:41	-0,605149	15,000000	69,005264	65,000000	0,000000	-1,115639	5,000000	5,000000
16/07/2010	15:41	-0,081175	15,000000	68,998499	65,000000	0,000000	0,523974	5,000000	5,000000
16/07/2010	15:41	-0,826741	15,000000	68,929604	65,000000	0,000000	-0,745566	5,000000	5,000000
16/07/2010	15:41	-0,378836	15,000000	68,898034	65,000000	0,000000	0,447905	5,000000	5,000000
16/07/2010	15:41	0,965083	15,000000	68,978458	65,000000	0,000000	1,343919	5,000000	5,000000
16/07/2010	15:41	-0,161677	15,000000	68,964985	65,000000	0,000000	-1,126760	5,000000	5,000000
16/07/2010	15:41	-0,338542	15,000000	68,936773	65,000000	0,000000	-0,176865	5,000000	5,000000
16/07/2010	15:41	-0,431787	15,000000	68,900791	65,000000	0,000000	-0,093245	5,000000	5,000000
16/07/2010	15:42	0,084021	15,000000	68,907792	65,000000	0,000000	0,515808	5,000000	5,000000
16/07/2010	15:42	-0,517606	15,000000	68,864659	65,000000	0,000000	-0,601628	5,000000	5,000000
16/07/2010	15:42	0,409146	15,000000	68,898754	65,000000	0,000000	0,926753	5,000000	5,000000
16/07/2010	15:42	0,266834	15,000000	68,920990	65,000000	0,000000	-0,142312	5,000000	5,000000
16/07/2010	15:42	1,787029	15,000000	69,069909	65,000000	0,000000	1,520194	5,000000	5,000000
16/07/2010	15:42	-2,309552	15,000000	68,877447	65,000000	0,000000	-4,096581	5,000000	5,000000
16/07/2010	15:42	-0,763999	15,000000	68,813780	65,000000	0,000000	1,545554	5,000000	5,000000
16/07/2010	15:42	0,291403	15,000000	68,838064	65,000000	0,000000	1,055402	5,000000	5,000000
16/07/2010	15:42	0,119298	15,000000	68,848005	65,000000	0,000000	-0,172106	5,000000	5,000000
16/07/2010	15:42	-0,679478	15,000000	68,791382	65,000000	0,000000	-0,798776	5,000000	5,000000
16/07/2010	15:42	-0,805230	15,000000	68,724280	65,000000	0,000000	-0,125752	5,000000	5,000000
16/07/2010	15:42	-0,769892	15,000000	68,660122	65,000000	0,000000	0,035337	5,000000	5,000000
16/07/2010	15:43	-0,261492	15,000000	68,638331	65,000000	0,000000	0,508400	5,000000	5,000000
16/07/2010	15:43	-0,182284	15,000000	68,623140	65,000000	0,000000	0,079208	5,000000	5,000000
16/07/2010	15:43	-1,107308	15,000000	68,530865	65,000000	0,000000	-0,925024	5,000000	5,000000
16/07/2010	15:43	-0,097148	15,000000	68,522769	65,000000	0,000000	1,010160	5,000000	5,000000
16/07/2010	15:43	-0,488570	15,000000	68,482055	65,000000	0,000000	-0,391422	5,000000	5,000000
16/07/2010	15:43	0,032334	15,000000	68,484749	65,000000	0,000000	0,520903	5,000000	5,000000
16/07/2010	15:43	-0,362340	15,000000	68,454555	65,000000	0,000000	-0,394673	5,000000	5,000000
16/07/2010	15:43	-0,300064	15,000000	68,429549	65,000000	0,000000	0,062276	5,000000	5,000000
16/07/2010	15:43	-0,912220	15,000000	68,353531	65,000000	0,000000	-0,612157	5,000000	5,000000
16/07/2010	15:43	0,160057	15,000000	68,366869	65,000000	0,000000	1,072278	5,000000	5,000000
16/07/2010	15:43	-1,251167	15,000000	68,262605	65,000000	0,000000	-1,411224	5,000000	5,000000
16/07/2010	15:43	0,730611	15,000000	68,323489	65,000000	0,000000	1,981778	5,000000	5,000000
16/07/2010	15:44	-1,730094	15,000000	68,179315	65,000000	0,000000	-2,460704	5,000000	5,000000
16/07/2010	15:44	0,586047	15,000000	68,228152	65,000000	0,000000	2,316140	5,000000	5,000000
16/07/2010	15:44	-1,469337	15,000000	68,105707	65,000000	0,000000	-2,055384	5,000000	5,000000
16/07/2010	15:44	-0,494818	15,000000	68,064472	65,000000	0,000000	0,974519	5,000000	5,000000
16/07/2010	15:44	-0,556828	15,000000	68,018070	65,000000	0,000000	-0,062010	5,000000	5,000000
16/07/2010	15:44	-1,072208	15,000000	67,928719	65,000000	0,000000	-0,515380	5,000000	5,000000
16/07/2010	15:44	0,973398	15,000000	68,009836	65,000000	0,000000	2,045606	5,000000	5,000000
16/07/2010	15:44	-0,919618	15,000000	67,933201	65,000000	0,000000	-1,893016	5,000000	5,000000
16/07/2010	15:44	-0,098422	15,000000	67,924999	65,000000	0,000000	0,821196	5,000000	5,000000
16/07/2010	15:44	0,235540	15,000000	67,944628	65,000000	0,000000	0,333962	5,000000	5,000000
16/07/2010	15:44	0,004533	15,000000	67,945005	65,000000	0,000000	-0,231008	5,000000	5,000000
16/07/2010	15:44	-0,547170	15,000000	67,899408	65,000000	0,000000	-0,551702	5,000000	5,000000
16/07/2010	15:45	0,371486	15,000000	67,930365	65,000000	0,000000	0,918655	5,000000	5,000000
16/07/2010	15:45	-0,204158	15,000000	67,913352	65,000000	0,000000	-0,575644	5,000000	5,000000
16/07/2010	15:45	-0,558119	15,000000	67,866842	65,000000	0,000000	-0,353961	5,000000	5,000000
16/07/2010	15:45	-0,082340	15,000000	67,859980	65,000000	0,000000	0,475779	5,000000	5,000000
16/07/2010	15:45	-0,855003	15,000000	67,788730	65,000000	0,000000	-0,772662	5,000000	5,000000
16/07/2010	15:45	-0,173167	15,000000	67,774299	65,000000	0,000000	0,681836	5,000000	5,000000
16/07/2010	15:45	0,123053	15,000000	67,784554	65,000000	0,000000	0,296220	5,000000	5,000000
16/07/2010	15:45	-0,371469	15,000000	67,753598	65,000000	0,000000	-0,494522	5,000000	5,000000
16/07/2010	15:45	-0,496584	15,000000	67,712216	65,000000	0,000000	-0,125115	5,000000	5,000000
16/07/2010	15:45	-0,334810	15,000000	67,684315	65,000000	0,000000	0,161774	5,000000	5,000000
16/07/2010	15:45	-0,035752	15,000000	67,681336	65,000000	0,000000	0,299057	5,000000	5,000000
16/07/2010	15:45	-0,765014	15,000000	67,617585	65,000000	0,000000	-0,729261	5,000000	5,000000
16/07/2010	15:46	0,197860	15,000000	67,634073	65,000000	0,000000	0,962874	5,000000	5,000000
16/07/2010	15:46	0,676667	15,000000	67,690462	65,000000	0,000000	0,478807	5,000000	5,000000
16/07/2010	15:46	-0,792105	15,000000	67,624453	65,000000	0,000000	-1,468772	5,000000	5,000000
16/07/2010	15:46	-0,143343	15,000000	67,612508	65,000000	0,000000	0,648763	5,000000	5,000000
16/07/2010	15:46	-0,338394	15,000000	67,584309	65,000000	0,000000	-0,195051	5,000000	5,000000
16/07/2010	15:46	-0,417069	15,000000	67,549553	65,000000	0,000000	-0,078675	5,000000	5,000000
16/07/2010	15:46	-1,513285	15,000000	67,423446	65,000000	0,000000	-1,096216	5,000000	5,000000
16/07/2010	15:46	0,107003	15,000000	67,432363	65,000000	0,000000	1,620288	5,000000	5,000000
16/07/2010	15:46	-0,503328	15,000000	67,390419	65,000000	0,000000	-0,610331	5,000000	5,000000
16/07/2010	15:46	-1,184902	15,000000	67,291677	65,000000	0,000000	-0,681574	5,000000	5,000000
16/07/2010	15:46	-0,126910	15,000000	67,281101	65,000000	0,000000	1,057992	5,000000	5,000000
16/07/2010	15:46	-1,640338	15,000000	67,144406	65,000000	0,000000	-1,513428	5,000000	5,000000
16/07/2010	15:47	-0,988124	15,000000	67,062062	65,000000	0,000000	0,652215	5,000000	5,000000
16/07/2010	15:47	0,411014	15,000000	67,096314	65,000000	0,000000	1,399138	5,000000	5,000000
16/07/2010	15:47	-0,468544	15,000000	67,057268	65,000000	0,000000	-0,879558	5,000000	5,000000
16/07/2010	15:47	0,021496	15,000000	67,059060	65,000000	0,000000	0,490040	5,000000	5,000000
16/07/2010	15:47	-0,704960	15,000000	67,000313	65,000000	0,000000	-0,726456	5,000000	5,000000
16/07/2010	15:47	-0,427743	15,000000	66,964668	65,000000	0,000000	0,277217	5,000000	5,000000
16/07/2010	15:47	0,000936	15,000000	66,964746	65,000000	0,000000	0,428678	5,000000	5,000000
16/07/2010	15:47	-0,443810	15,000000	66,927761	65,000000	0,000000	-0,444746	5,000000	5,000000
16/07/2010	15:47	0,029548	15,000000	66,930224	65,000000	0,000000	0,473358	5,000000	5,000000
16/07/2010	15:47	-0,404448	15,000000	66,896520	65,000000	0,000000	-0,433995	5,000000	5,000000
16/07/2010	15:47	-1,223015	15,000000	66,794602	65,000000	0,000000	-0,818567	5,000000	5,000000
16/07/2010	15:47	-0,316491	15,000000	66,768228	65,000000	0,000000	0,906524	5,000000	5,000000
16/07/2010	15:48	-0,184821	15,000000	66,752826	65,000000	0,000000	0,131670	5,000000	5,000000
16/07/2010	15:48	-0,230654	15,000000	66,733605	65,000000	0,000000	-0,045833	5,000000	5,000000
16/07/2010	15:48	-0,927904	15,000000	66,656279	65,000000	0,000000	-0,697250	5,000000	5,000000
16/07/2010	15:48	-1,205068	15,000000	66,555857	65,000000	0,000000	-0,277164	5,000000	5,000000
16/07/2010	15:48	-1,158769	15,000000	66,459293	65,000000	0,000000	0,046299	5,000000	5,000000
16/07/2010	15:48	1,236082	15,000000	66,562300	65,000000	0,000000	2,394851	5,000000	5,000000
16/07/2010	15:48	-0,315035	15,000000	66,536047	65,000000	0,000000	-1,551117	5,000000	5,000000
16/07/2010	15:48	-0,385102	15,000000	66,503955	65,000000	0,000000	-0,070067	5,000000	5,000000
16/07/2010	15:48	-0,267735	15,000000	66,481644	65,000000	0,000000	0,117367	5,000000	5,000000
16/07/2010	15:48	-0,050510	15,000000	66,477435	65,000000	0,000000	0,217225	5,000000	5,000000
16/07/2010	15:48	-0,814993	15,000000	66,409519	65,000000	0,000000	-0,764483	5,000000	5,000000
16/07/2010	15:48	0,027416	15,000000	66,411803	65,000000	0,000000	0,842409	5,000000	5,000000
16/07/2010	15:49	-0,645211	15,000000	66,358036	65,000000	0,000000	-0,672627	5,000000	5,000000
16/07/2010	15:49	-0,372920	15,000000	66,326959	65,000000	0,000000	0,272291	5,000000	5,000000
16/07/2010	15:49	-0,020086	15,000000	66,325285	65,000000	0,000000	0,352834	5,000000	5,000000
16/07/2010	15:49	-0,471774	15,000000	66,285971	65,000000	0,000000	-0,451688	5,000000	5,000000
16/07/2010	15:49	0,346222	15,000000	66,314823	65,000000	0,000000	0,817996	5,000000	5,000000
16/07/2010	15:49	-1,029247	15,000000	66,229052	65,000000	0,000000	-1,375469	5,000000	5,000000
16/07/2010	15:49	-0,594125	15,000000	66,179542	65,000000	0,000000	0,435122	5,000000	5,000000
16/07/2010	15:49	-0,120633	15,000000	66,169489	65,000000	0,000000	0,473492	5,000000	5,000000
16/07/2010	15:49	0,415723	15,000000	66,204133	65,000000	0,000000	0,536356	5,000000	5,000000
16/07/2010	15:49	-1,042408	15,000000	66,117265	65,000000	0,000000	-1,458131	5,000000	5,000000
16/07/2010	15:49	-0,215056	15,000000	66,099344	65,000000	0,000000	0,827352	5,000000	5,000000
16/07/2010	15:49	-0,998387	15,000000	66,016145	65,000000	0,000000	-0,783331	5,000000	5,000000
16/07/2010	15:50	-0,192121	15,000000	66,000135	65,000000	0,000000	0,806266	5,000000	5,000000
16/07/2010	15:50	-0,697967	15,000000	65,941971	65,000000	0,000000	-0,505846	5,000000	5,000000
16/07/2010	15:50	-0,143561	15,000000	65,930008	65,000000	0,000000	0,554406	5,000000	5,000000
16/07/2010	15:50	-0,184681	15,000000	65,914617	65,000000	0,000000	-0,041121	5,000000	5,000000
16/07/2010	15:50	0,108012	15,000000	65,923618	65,000000	0,000000	0,292694	5,000000	5,000000
16/07/2010	15:50	-0,825013	15,000000	65,854867	65,000000	0,000000	-0,933026	5,000000	5,000000
16/07/2010	15:50	0,009821	15,000000	65,855686	65,000000	0,000000	0,834834	5,000000	5,000000
16/07/2010	15:50	-0,184012	15,000000	65,840351	65,000000	0,000000	-0,193833	5,000000	5,000000
16/07/2010	15:50	-0,780660	15,000000	65,775296	65,000000	0,000000	-0,596647	5,000000	5,000000
16/07/2010	15:50	-0,042100	15,000000	65,771788	65,000000	0,000000	0,738559	5,000000	5,000000
16/07/2010	15:50	-0,696146	15,000000	65,713776	65,000000	0,000000	-0,654046	5,000000	5,000000
16/07/2010	15:50	-0,439893	15,000000	65,677118	65,000000	0,000000	0,256253	5,000000	5,000000
16/07/2010	15:51	-1,673276	15,000000	65,537679	65,000000	0,000000	-1,233383	5,000000	5,000000
16/07/2010	15:51	-0,335624	15,000000	65,509710	65,000000	0,000000	1,337652	5,000000	5,000000
16/07/2010	15:51	-0,949980	15,000000	65,430545	65,000000	0,000000	-0,614356	5,000000	5,000000
16/07/2010	15:51	0,210408	15,000000	65,448079	65,000000	0,000000	1,160388	5,000000	5,000000
16/07/2010	15:51	-0,021219	15,000000	65,446311	65,000000	0,000000	-0,231627	5,000000	5,000000
16/07/2010	15:51	-0,242353	15,000000	65,426114	65,000000	0,000000	-0,221134	5,000000	5,000000
16/07/2010	15:51	0,038843	15,000000	65,429351	65,000000	0,000000	0,281196	5,000000	5,000000
16/07/2010	15:51	-0,802799	15,000000	65,362451	65,000000	0,000000	-0,841642	5,000000	5,000000
16/07/2010	15:51	-0,032552	15,000000	65,359739	65,000000	0,000000	0,770247	5,000000	5,000000
16/07/2010	15:51	-0,002177	15,000000	65,359557	65,000000	0,000000	0,030375	5,000000	5,000000
16/07/2010	15:51	-1,072989	15,000000	65,270142	65,000000	0,000000	-1,070812	5,000000	5,000000
16/07/2010	15:51	0,367034	15,000000	65,300728	65,000000	0,000000	1,440023	5,000000	5,000000
16/07/2010	15:52	-0,573463	15,000000	65,252939	65,000000	0,000000	-0,940497	5,000000	5,000000
16/07/2010	15:52	-1,398833	15,000000	65,136370	65,000000	0,000000	-0,825370	5,000000	5,000000
16/07/2010	15:52	-0,262535	15,000000	65,114492	65,000000	0,000000	1,136298	5,000000	5,000000
16/07/2010	15:52	0,481793	15,000000	65,154641	65,000000	0,000000	0,744328	5,000000	5,000000
16/07/2010	15:52	-1,242290	15,000000	65,051117	65,000000	0,000000	-1,724083	5,000000	5,000000
16/07/2010	15:52	-0,480619	15,000000	65,011066	65,000000	0,000000	0,761671	5,000000	5,000000
16/07/2010	15:52	0,603942	15,000000	65,061394	65,000000	0,000000	1,084562	5,000000	5,000000
16/07/2010	15:52	-0,354512	15,000000	65,031851	65,000000	0,000000	-0,958455	5,000000	5,000000
16/07/2010	15:52	-0,381690	15,000000	65,000044	65,000000	0,000000	-0,027177	5,000000	5,000000
16/07/2010	15:52	-0,332653	15,000000	64,972323	65,000000	5,000000	0,049036	5,000000	5,000000
16/07/2010	15:52	-0,073400	15,000000	64,966206	65,000000	5,000000	0,259253	5,000000	5,000000
16/07/2010	15:52	-0,205688	15,000000	64,949065	65,000000	5,000000	-0,132288	5,000000	5,000000
16/07/2010	15:53	-0,750822	15,000000	64,886497	65,000000	5,000000	-0,545134	5,000000	5,000000
16/07/2010	15:53	-0,749918	15,000000	64,824004	65,000000	5,000000	0,000904	5,000000	5,000000
16/07/2010	15:53	0,190654	15,000000	64,839892	65,000000	5,000000	0,940572	5,000000	5,000000
16/07/2010	15:53	-0,759801	15,000000	64,776575	65,000000	5,000000	-0,950455	5,000000	5,000000
16/07/2010	15:53	-0,003007	15,000000	64,776324	65,000000	5,000000	0,756794	5,000000	5,000000
16/07/2010	15:53	-0,990739	15,000000	64,693763	65,000000	5,000000	-0,987731	5,000000	5,000000
16/07/2010	15:53	0,502033	15,000000	64,735599	65,000000	5,000000	1,492771	5,000000	5,000000
16/07/2010	15:53	-0,297768	15,000000	64,710785	65,000000	5,000000	-0,799801	5,000000	5,000000
16/07/2010	15:53	-0,962951	15,000000	64,630539	65,000000	5,000000	-0,665182	5,000000	5,000000
16/07/2010	15:53	-0,095666	15,000000	64,622567	65,000000	5,000000	0,867285	5,000000	5,000000
16/07/2010	15:53	-0,442784	15,000000	64,585668	65,000000	5,000000	-0,347119	5,000000	5,000000
16/07/2010	15:53	-0,355214	15,000000	64,556067	65,000000	5,000000	0,087570	5,000000	5,000000
16/07/2010	15:54	-0,243240	15,000000	64,535797	65,000000	5,000000	0,111974	5,000000	5,000000
16/07/2010	15:54	-0,850547	15,000000	64,464918	65,000000	5,000000	-0,607307	5,000000	5,000000
16/07/2010	15:54	0,035743	15,000000	64,467897	65,000000	5,000000	0,886290	5,000000	5,000000
16/07/2010	15:54	0,492997	15,000000	64,508980	65,000000	5,000000	0,457254	5,000000	5,000000
16/07/2010	15:54	0,168602	15,000000	64,523030	65,000000	5,000000	-0,324396	5,000000	5,000000
16/07/2010	15:54	13,167698	15,000000	65,620338	65,000000	0,000000	12,999096	5,000000	5,000000
16/07/2010	15:54	-7,002893	15,000000	65,036764	65,000000	0,000000	-20,170591	5,000000	5,000000
16/07/2010	15:54	5,527064	15,000000	65,497352	65,000000	0,000000	12,529957	5,000000	5,000000
16/07/2010	15:54	-7,869854	15,000000	64,841531	65,000000	5,000000	-13,396918	5,000000	5,000000
16/07/2010	15:54	-4,267953	15,000000	64,485868	65,000000	5,000000	3,601902	5,000000	5,000000
16/07/2010	15:54	-4,641512	15,000000	64,099076	65,000000	5,000000	-0,373559	5,000000	5,000000
16/07/2010	15:54	-2,404743	15,000000	63,898680	65,000000	5,000000	2,236769	5,000000	5,000000
16/07/2010	15:55	0,842214	15,000000	63,968865	65,000000	5,000000	3,246957	5,000000	5,000000
16/07/2010	15:55	-0,639143	15,000000	63,915603	65,000000	5,000000	-1,481357	5,000000	5,000000
16/07/2010	15:55	1,821409	15,000000	64,067387	65,000000	5,000000	2,460552	5,000000	5,000000
